#	Z	Age		mbol    U       B       V       R       I       J       H       K
	0.0001	3.98e+06	-2.655	-0.785	0.042	0.158	0.152	0.128	0.098	-0.018	-0.029
	0.0001	4.07e+06	-2.611	-0.737	0.117	0.262	0.282	0.292	0.326	0.247	0.249
	0.0001	4.17e+06	-2.566	-0.679	0.209	0.378	0.418	0.455	0.540	0.487	0.500
	0.0001	4.27e+06	-2.524	-0.632	0.282	0.475	0.537	0.605	0.757	0.745	0.774
	0.0001	4.37e+06	-2.480	-0.564	0.390	0.603	0.680	0.768	0.964	0.971	1.010
	0.0001	4.47e+06	-2.438	-0.502	0.488	0.720	0.811	0.921	1.164	1.196	1.247
	0.0001	4.57e+06	-2.394	-0.440	0.578	0.823	0.924	1.047	1.317	1.362	1.421
	0.0001	4.68e+06	-2.351	-0.390	0.642	0.893	0.998	1.127	1.411	1.462	1.525
	0.0001	4.79e+06	-2.309	-0.350	0.686	0.939	1.046	1.177	1.465	1.518	1.581
	0.0001	4.90e+06	-2.265	-0.306	0.735	0.990	1.098	1.230	1.522	1.575	1.640
	0.0001	5.01e+06	-2.223	-0.264	0.782	1.039	1.149	1.284	1.580	1.636	1.702
	0.0001	5.13e+06	-2.182	-0.226	0.822	1.081	1.191	1.328	1.627	1.684	1.751
	0.0001	5.25e+06	-2.139	-0.188	0.861	1.121	1.233	1.371	1.672	1.731	1.798
	0.0001	5.37e+06	-2.095	-0.150	0.901	1.162	1.275	1.413	1.717	1.777	1.845
	0.0001	5.50e+06	-2.056	-0.124	0.924	1.185	1.296	1.435	1.737	1.796	1.863
	0.0001	5.62e+06	-2.015	-0.094	0.952	1.211	1.322	1.459	1.759	1.817	1.883
	0.0001	5.75e+06	-1.973	-0.063	0.981	1.239	1.350	1.486	1.784	1.840	1.906
	0.0001	5.89e+06	-1.930	-0.028	1.015	1.273	1.383	1.519	1.814	1.869	1.934
	0.0001	6.03e+06	-1.892	-0.000	1.043	1.300	1.410	1.546	1.843	1.898	1.963
	0.0001	6.17e+06	-1.854	0.026	1.067	1.323	1.433	1.569	1.864	1.918	1.983
	0.0001	6.31e+06	-1.814	0.054	1.093	1.349	1.459	1.593	1.887	1.940	2.004
	0.0001	6.46e+06	-1.774	0.086	1.124	1.379	1.488	1.622	1.914	1.967	2.030
	0.0001	6.61e+06	-1.732	0.122	1.159	1.414	1.522	1.656	1.946	1.998	2.061
	0.0001	6.76e+06	-1.691	0.160	1.199	1.455	1.565	1.700	1.993	2.047	2.111
	0.0001	6.92e+06	-1.653	0.193	1.233	1.490	1.600	1.737	2.034	2.091	2.155
	0.0001	7.08e+06	-1.613	0.227	1.269	1.526	1.637	1.775	2.075	2.133	2.198
	0.0001	7.24e+06	-1.577	0.254	1.296	1.553	1.665	1.803	2.105	2.163	2.228
	0.0001	7.41e+06	-1.540	0.280	1.322	1.579	1.690	1.829	2.130	2.188	2.254
	0.0001	7.59e+06	-1.504	0.308	1.348	1.605	1.716	1.855	2.156	2.214	2.280
	0.0001	7.76e+06	-1.465	0.337	1.376	1.633	1.745	1.883	2.185	2.242	2.308
	0.0001	7.94e+06	-1.426	0.369	1.406	1.662	1.774	1.912	2.213	2.271	2.336
	0.0001	8.13e+06	-1.386	0.401	1.437	1.693	1.804	1.943	2.243	2.300	2.365
	0.0001	8.32e+06	-1.349	0.429	1.463	1.718	1.830	1.968	2.268	2.325	2.390
	0.0001	8.51e+06	-1.314	0.451	1.482	1.737	1.848	1.986	2.285	2.341	2.405
	0.0001	8.71e+06	-1.280	0.475	1.503	1.756	1.867	2.005	2.301	2.357	2.421
	0.0001	8.91e+06	-1.244	0.499	1.524	1.777	1.887	2.024	2.319	2.373	2.437
	0.0001	9.12e+06	-1.208	0.524	1.546	1.797	1.907	2.043	2.336	2.389	2.452
	0.0001	9.33e+06	-1.171	0.551	1.570	1.820	1.929	2.064	2.354	2.406	2.468
	0.0001	9.55e+06	-1.133	0.580	1.595	1.844	1.953	2.086	2.374	2.424	2.486
	0.0001	9.77e+06	-1.094	0.610	1.621	1.869	1.977	2.110	2.394	2.442	2.503
	0.0001	1.00e+07	-1.057	0.638	1.646	1.893	2.001	2.133	2.415	2.461	2.520
	0.0001	1.02e+07	-1.023	0.660	1.664	1.910	2.016	2.146	2.423	2.465	2.523
	0.0001	1.05e+07	-0.989	0.683	1.683	1.927	2.031	2.159	2.430	2.468	2.524
	0.0001	1.07e+07	-0.953	0.708	1.705	1.946	2.049	2.175	2.439	2.469	2.523
	0.0001	1.10e+07	-0.917	0.734	1.727	1.966	2.068	2.191	2.447	2.468	2.519
	0.0001	1.12e+07	-0.881	0.762	1.751	1.990	2.090	2.212	2.464	2.482	2.531
	0.0001	1.15e+07	-0.849	0.785	1.770	2.007	2.106	2.226	2.474	2.488	2.535
	0.0001	1.17e+07	-0.816	0.808	1.790	2.025	2.124	2.242	2.484	2.494	2.539
	0.0001	1.20e+07	-0.783	0.832	1.811	2.044	2.141	2.258	2.495	2.499	2.543
	0.0001	1.23e+07	-0.748	0.858	1.833	2.065	2.161	2.275	2.506	2.504	2.546
	0.0001	1.26e+07	-0.713	0.884	1.854	2.084	2.179	2.291	2.516	2.507	2.547
	0.0001	1.29e+07	-0.677	0.910	1.877	2.105	2.198	2.308	2.526	2.509	2.546
	0.0001	1.32e+07	-0.646	0.930	1.891	2.117	2.209	2.318	2.536	2.523	2.560
	0.0001	1.35e+07	-0.615	0.949	1.905	2.129	2.220	2.327	2.540	2.524	2.560
	0.0001	1.38e+07	-0.584	0.969	1.919	2.141	2.230	2.335	2.543	2.523	2.558
	0.0001	1.41e+07	-0.552	0.990	1.935	2.154	2.242	2.344	2.546	2.522	2.555
	0.0001	1.45e+07	-0.519	1.013	1.952	2.169	2.255	2.355	2.550	2.520	2.551
	0.0001	1.48e+07	-0.485	1.038	1.971	2.186	2.270	2.368	2.556	2.518	2.547
	0.0001	1.51e+07	-0.451	1.063	1.991	2.203	2.285	2.380	2.560	2.513	2.539
	0.0001	1.55e+07	-0.418	1.086	2.009	2.221	2.303	2.398	2.581	2.540	2.567
	0.0001	1.58e+07	-0.389	1.103	2.020	2.229	2.310	2.404	2.583	2.541	2.567
	0.0001	1.62e+07	-0.360	1.120	2.030	2.238	2.317	2.409	2.585	2.540	2.566
	0.0001	1.66e+07	-0.331	1.137	2.041	2.246	2.324	2.414	2.586	2.540	2.565
	0.0001	1.70e+07	-0.302	1.154	2.051	2.254	2.331	2.419	2.587	2.538	2.562
	0.0001	1.74e+07	-0.273	1.171	2.061	2.262	2.337	2.423	2.587	2.536	2.559
	0.0001	1.78e+07	-0.243	1.188	2.071	2.270	2.343	2.427	2.587	2.533	2.555
	0.0001	1.82e+07	-0.212	1.209	2.086	2.283	2.355	2.437	2.592	2.534	2.555
	0.0001	1.86e+07	-0.181	1.230	2.101	2.295	2.366	2.446	2.596	2.534	2.553
	0.0001	1.91e+07	-0.148	1.252	2.117	2.309	2.378	2.456	2.601	2.533	2.551
	0.0001	1.95e+07	-0.119	1.270	2.129	2.319	2.387	2.464	2.608	2.544	2.562
	0.0001	2.00e+07	-0.090	1.287	2.138	2.326	2.392	2.467	2.606	2.539	2.556
	0.0001	2.04e+07	-0.060	1.305	2.149	2.334	2.398	2.469	2.602	2.530	2.546
	0.0001	2.09e+07	-0.030	1.327	2.166	2.348	2.410	2.478	2.604	2.527	2.540
	0.0001	2.14e+07	0.001	1.348	2.181	2.361	2.420	2.485	2.602	2.517	2.528
	0.0001	2.19e+07	0.032	1.371	2.199	2.376	2.435	2.499	2.613	2.524	2.534
	0.0001	2.24e+07	0.060	1.388	2.210	2.386	2.444	2.505	2.615	2.525	2.534
	0.0001	2.29e+07	0.088	1.405	2.222	2.395	2.451	2.511	2.617	2.525	2.534
	0.0001	2.34e+07	0.117	1.424	2.234	2.406	2.460	2.518	2.620	2.526	2.534
	0.0001	2.40e+07	0.146	1.444	2.250	2.419	2.472	2.528	2.626	2.528	2.535
	0.0001	2.45e+07	0.176	1.465	2.266	2.433	2.485	2.538	2.632	2.532	2.538
	0.0001	2.51e+07	0.206	1.486	2.281	2.446	2.496	2.548	2.637	2.533	2.538
	0.0001	2.57e+07	0.235	1.506	2.297	2.461	2.511	2.563	2.654	2.554	2.559
	0.0001	2.63e+07	0.262	1.523	2.309	2.471	2.521	2.572	2.661	2.559	2.564
	0.0001	2.69e+07	0.289	1.541	2.321	2.482	2.530	2.580	2.667	2.565	2.570
	0.0001	2.75e+07	0.316	1.558	2.333	2.493	2.540	2.588	2.673	2.570	2.574
	0.0001	2.82e+07	0.344	1.577	2.347	2.505	2.551	2.599	2.681	2.577	2.581
	0.0001	2.88e+07	0.373	1.599	2.365	2.521	2.567	2.613	2.694	2.589	2.593
	0.0001	2.95e+07	0.402	1.619	2.380	2.535	2.580	2.625	2.703	2.597	2.600
	0.0001	3.02e+07	0.432	1.640	2.396	2.550	2.593	2.637	2.713	2.606	2.608
	0.0001	3.09e+07	0.459	1.658	2.409	2.562	2.606	2.650	2.727	2.623	2.626
	0.0001	3.16e+07	0.486	1.676	2.422	2.573	2.616	2.659	2.734	2.629	2.632
	0.0001	3.24e+07	0.513	1.693	2.434	2.583	2.625	2.667	2.739	2.633	2.636
	0.0001	3.31e+07	0.540	1.711	2.446	2.594	2.635	2.676	2.746	2.639	2.641
	0.0001	3.39e+07	0.567	1.729	2.459	2.605	2.645	2.684	2.752	2.644	2.645
	0.0001	3.47e+07	0.595	1.749	2.475	2.619	2.659	2.697	2.762	2.653	2.653
	0.0001	3.55e+07	0.624	1.770	2.492	2.635	2.673	2.709	2.772	2.660	2.661
	0.0001	3.63e+07	0.653	1.791	2.507	2.648	2.685	2.720	2.780	2.668	2.667
	0.0001	3.72e+07	0.682	1.812	2.523	2.664	2.702	2.738	2.801	2.693	2.693
	0.0001	3.80e+07	0.708	1.828	2.534	2.673	2.710	2.744	2.804	2.695	2.695
	0.0001	3.89e+07	0.733	1.845	2.545	2.682	2.718	2.751	2.808	2.697	2.697
	0.0001	3.98e+07	0.759	1.861	2.555	2.691	2.725	2.757	2.811	2.699	2.698
	0.0001	4.07e+07	0.784	1.877	2.566	2.700	2.733	2.763	2.815	2.701	2.699
	0.0001	4.17e+07	0.810	1.893	2.577	2.709	2.741	2.770	2.818	2.703	2.701
	0.0001	4.27e+07	0.836	1.910	2.588	2.718	2.749	2.777	2.822	2.705	2.702
	0.0001	4.37e+07	0.863	1.927	2.599	2.728	2.758	2.783	2.825	2.707	2.704
	0.0001	4.47e+07	0.890	1.947	2.616	2.743	2.772	2.796	2.835	2.714	2.711
	0.0001	4.57e+07	0.917	1.966	2.629	2.754	2.782	2.805	2.840	2.717	2.713
	0.0001	4.68e+07	0.945	1.985	2.642	2.766	2.792	2.813	2.844	2.720	2.715
	0.0001	4.79e+07	0.971	2.003	2.656	2.778	2.804	2.824	2.857	2.735	2.730
	0.0001	4.90e+07	0.996	2.019	2.666	2.786	2.811	2.830	2.857	2.733	2.727
	0.0001	5.01e+07	1.022	2.036	2.678	2.796	2.819	2.835	2.859	2.733	2.726
	0.0001	5.13e+07	1.048	2.052	2.689	2.805	2.826	2.841	2.860	2.731	2.723
	0.0001	5.25e+07	1.074	2.072	2.704	2.818	2.838	2.850	2.865	2.733	2.725
	0.0001	5.37e+07	1.100	2.090	2.717	2.828	2.847	2.857	2.867	2.732	2.723
	0.0001	5.50e+07	1.127	2.108	2.730	2.838	2.855	2.862	2.867	2.729	2.719
	0.0001	5.62e+07	1.154	2.127	2.743	2.847	2.860	2.863	2.857	2.710	2.697
	0.0001	5.75e+07	1.183	2.150	2.759	2.859	2.867	2.863	2.844	2.686	2.671
	0.0001	5.89e+07	1.212	2.173	2.777	2.872	2.877	2.868	2.837	2.668	2.651
	0.0001	6.03e+07	1.238	2.189	2.790	2.888	2.895	2.891	2.873	2.718	2.703
	0.0001	6.17e+07	1.260	2.202	2.798	2.895	2.902	2.899	2.882	2.730	2.716
	0.0001	6.31e+07	1.282	2.215	2.807	2.903	2.911	2.908	2.893	2.744	2.731
	0.0001	6.46e+07	1.307	2.231	2.818	2.911	2.917	2.910	2.888	2.734	2.719
	0.0001	6.61e+07	1.332	2.249	2.830	2.921	2.925	2.916	2.889	2.732	2.717
	0.0001	6.76e+07	1.357	2.266	2.844	2.932	2.934	2.923	2.892	2.732	2.716
	0.0001	6.92e+07	1.382	2.284	2.856	2.942	2.942	2.928	2.892	2.728	2.712
	0.0001	7.08e+07	1.407	2.301	2.868	2.952	2.949	2.932	2.890	2.722	2.704
	0.0001	7.24e+07	1.433	2.319	2.882	2.963	2.959	2.939	2.892	2.720	2.702
	0.0001	7.41e+07	1.457	2.336	2.894	2.973	2.967	2.945	2.894	2.719	2.700
	0.0001	7.59e+07	1.482	2.354	2.907	2.983	2.975	2.950	2.893	2.714	2.694
	0.0001	7.76e+07	1.507	2.372	2.920	2.994	2.984	2.956	2.893	2.710	2.688
	0.0001	7.94e+07	1.532	2.391	2.934	3.004	2.991	2.959	2.887	2.697	2.674
	0.0001	8.13e+07	1.558	2.410	2.948	3.015	2.999	2.963	2.884	2.687	2.663
	0.0001	8.32e+07	1.584	2.429	2.962	3.025	3.006	2.966	2.879	2.676	2.650
	0.0001	8.51e+07	1.610	2.447	2.976	3.038	3.018	2.978	2.890	2.687	2.662
	0.0001	8.71e+07	1.633	2.464	2.988	3.048	3.025	2.982	2.887	2.680	2.653
	0.0001	8.91e+07	1.657	2.481	3.000	3.056	3.031	2.984	2.883	2.671	2.643
	0.0001	9.12e+07	1.680	2.498	3.011	3.063	3.034	2.980	2.865	2.642	2.611
	0.0001	9.33e+07	1.696	2.512	3.019	3.059	3.016	2.943	2.789	2.531	2.493
	0.0001	9.55e+07	1.710	2.528	3.026	3.053	2.993	2.899	2.700	2.405	2.359
	0.0001	9.77e+07	1.723	2.543	3.033	3.044	2.967	2.847	2.598	2.262	2.208
	0.0001	1.00e+08	1.739	2.560	3.042	3.042	2.950	2.813	2.529	2.166	2.107
	0.0001	1.02e+08	1.774	2.579	3.061	3.070	2.993	2.875	2.631	2.302	2.250
	0.0001	1.05e+08	1.809	2.599	3.078	3.096	3.031	2.931	2.722	2.424	2.377
	0.0001	1.07e+08	1.842	2.618	3.096	3.121	3.066	2.980	2.802	2.531	2.490
	0.0001	1.10e+08	1.871	2.637	3.112	3.141	3.091	3.012	2.850	2.593	2.555
	0.0001	1.12e+08	1.896	2.655	3.126	3.152	3.101	3.021	2.858	2.600	2.562
	0.0001	1.15e+08	1.921	2.674	3.140	3.164	3.112	3.032	2.867	2.610	2.571
	0.0001	1.17e+08	1.946	2.692	3.153	3.176	3.123	3.041	2.874	2.617	2.579
	0.0001	1.20e+08	1.972	2.710	3.167	3.188	3.134	3.051	2.883	2.625	2.586
	0.0001	1.23e+08	1.996	2.729	3.181	3.200	3.144	3.058	2.886	2.626	2.587
	0.0001	1.26e+08	2.021	2.748	3.195	3.210	3.152	3.064	2.889	2.626	2.586
	0.0001	1.29e+08	2.046	2.766	3.208	3.221	3.162	3.071	2.892	2.627	2.587
	0.0001	1.32e+08	2.071	2.784	3.223	3.235	3.175	3.085	2.906	2.643	2.604
	0.0001	1.35e+08	2.095	2.801	3.235	3.246	3.185	3.093	2.912	2.648	2.608
	0.0001	1.38e+08	2.118	2.818	3.248	3.256	3.193	3.099	2.915	2.649	2.608
	0.0001	1.41e+08	2.141	2.835	3.260	3.266	3.201	3.106	2.918	2.651	2.610
	0.0001	1.45e+08	2.165	2.853	3.273	3.276	3.210	3.113	2.923	2.653	2.612
	0.0001	1.48e+08	2.188	2.870	3.286	3.286	3.218	3.119	2.924	2.653	2.611
	0.0001	1.51e+08	2.212	2.888	3.300	3.298	3.228	3.126	2.929	2.655	2.613
	0.0001	1.55e+08	2.236	2.907	3.313	3.309	3.237	3.133	2.933	2.657	2.614
	0.0001	1.59e+08	2.260	2.925	3.327	3.320	3.246	3.140	2.936	2.658	2.615
	0.0001	1.62e+08	2.285	2.944	3.341	3.332	3.256	3.148	2.940	2.661	2.617
	0.0001	1.66e+08	2.309	2.961	3.354	3.344	3.267	3.159	2.950	2.671	2.627
	0.0001	1.70e+08	2.333	2.980	3.369	3.356	3.278	3.167	2.956	2.674	2.630
	0.0001	1.74e+08	2.357	2.999	3.383	3.367	3.288	3.175	2.960	2.676	2.631
	0.0001	1.78e+08	2.381	3.017	3.397	3.379	3.297	3.182	2.964	2.679	2.634
	0.0001	1.82e+08	2.405	3.036	3.411	3.390	3.307	3.190	2.968	2.681	2.635
	0.0001	1.86e+08	2.430	3.054	3.425	3.403	3.318	3.200	2.977	2.690	2.645
	0.0001	1.91e+08	2.453	3.072	3.439	3.414	3.328	3.209	2.984	2.695	2.650
	0.0001	1.95e+08	2.477	3.091	3.453	3.427	3.339	3.218	2.990	2.700	2.654
	0.0001	2.00e+08	2.501	3.110	3.467	3.438	3.349	3.226	2.995	2.704	2.658
	0.0001	2.04e+08	2.526	3.129	3.481	3.450	3.359	3.234	3.000	2.707	2.660
	0.0001	2.09e+08	2.551	3.148	3.496	3.464	3.373	3.247	3.013	2.721	2.674
	0.0001	2.14e+08	2.573	3.166	3.509	3.474	3.382	3.255	3.019	2.725	2.678
	0.0001	2.19e+08	2.597	3.184	3.523	3.487	3.393	3.265	3.027	2.733	2.686
	0.0001	2.24e+08	2.620	3.203	3.538	3.499	3.404	3.274	3.033	2.737	2.690
	0.0001	2.29e+08	2.644	3.222	3.552	3.511	3.414	3.283	3.040	2.742	2.694
	0.0001	2.34e+08	2.668	3.240	3.566	3.523	3.425	3.291	3.046	2.747	2.699
	0.0001	2.40e+08	2.694	3.259	3.581	3.537	3.440	3.308	3.064	2.768	2.721
	0.0001	2.45e+08	2.716	3.277	3.593	3.548	3.449	3.316	3.070	2.773	2.726
	0.0001	2.51e+08	2.739	3.294	3.607	3.560	3.460	3.326	3.080	2.782	2.734
	0.0001	2.57e+08	2.762	3.313	3.621	3.573	3.472	3.336	3.087	2.789	2.741
	0.0001	2.63e+08	2.785	3.332	3.636	3.585	3.483	3.346	3.095	2.796	2.748
	0.0001	2.69e+08	2.809	3.350	3.650	3.597	3.493	3.355	3.102	2.802	2.753
	0.0001	2.75e+08	2.833	3.370	3.664	3.609	3.504	3.364	3.110	2.808	2.760
	0.0001	2.82e+08	2.857	3.387	3.677	3.623	3.518	3.380	3.128	2.830	2.781
	0.0001	2.88e+08	2.880	3.405	3.690	3.633	3.528	3.388	3.134	2.835	2.787
	0.0001	2.95e+08	2.902	3.423	3.704	3.646	3.540	3.399	3.145	2.846	2.797
	0.0001	3.02e+08	2.925	3.442	3.719	3.659	3.552	3.410	3.153	2.853	2.804
	0.0001	3.09e+08	2.949	3.461	3.734	3.671	3.563	3.419	3.160	2.859	2.810
	0.0001	3.16e+08	2.972	3.481	3.748	3.684	3.574	3.429	3.168	2.865	2.816
	0.0001	3.24e+08	2.996	3.501	3.763	3.696	3.585	3.438	3.175	2.872	2.822
	0.0001	3.31e+08	3.021	3.518	3.777	3.711	3.601	3.456	3.197	2.898	2.849
	0.0001	3.39e+08	3.041	3.536	3.789	3.719	3.607	3.459	3.196	2.894	2.844
	0.0001	3.47e+08	3.062	3.553	3.801	3.729	3.615	3.465	3.197	2.893	2.842
	0.0001	3.55e+08	3.082	3.571	3.814	3.740	3.624	3.472	3.200	2.892	2.841
	0.0001	3.63e+08	3.103	3.590	3.829	3.751	3.632	3.477	3.201	2.889	2.838
	0.0001	3.72e+08	3.125	3.610	3.843	3.762	3.640	3.482	3.201	2.887	2.834
	0.0001	3.80e+08	3.146	3.629	3.857	3.772	3.648	3.487	3.200	2.882	2.829
	0.0001	3.89e+08	3.168	3.649	3.871	3.784	3.658	3.495	3.204	2.884	2.830
	0.0001	3.98e+08	3.195	3.667	3.885	3.800	3.676	3.516	3.232	2.917	2.865
	0.0001	4.07e+08	3.219	3.685	3.899	3.813	3.691	3.532	3.253	2.943	2.891
	0.0001	4.17e+08	3.243	3.703	3.912	3.826	3.705	3.548	3.272	2.966	2.915
	0.0001	4.27e+08	3.268	3.721	3.926	3.841	3.721	3.567	3.295	2.994	2.943
	0.0001	4.37e+08	3.293	3.739	3.940	3.855	3.737	3.584	3.316	3.018	2.969
	0.0001	4.47e+08	3.318	3.758	3.955	3.870	3.752	3.601	3.335	3.041	2.992
	0.0001	4.57e+08	3.343	3.778	3.969	3.884	3.767	3.617	3.355	3.065	3.016
	0.0001	4.68e+08	3.369	3.798	3.984	3.898	3.783	3.634	3.375	3.090	3.042
	0.0001	4.79e+08	3.395	3.818	3.999	3.915	3.801	3.655	3.401	3.120	3.073
	0.0001	4.90e+08	3.418	3.837	4.014	3.928	3.813	3.666	3.410	3.130	3.082
	0.0001	5.01e+08	3.441	3.857	4.029	3.941	3.825	3.677	3.421	3.141	3.093
	0.0001	5.13e+08	3.464	3.878	4.045	3.954	3.837	3.689	3.431	3.151	3.104
	0.0001	5.25e+08	3.488	3.900	4.061	3.968	3.851	3.701	3.442	3.162	3.115
	0.0001	5.37e+08	3.514	3.920	4.078	3.985	3.868	3.720	3.464	3.187	3.140
	0.0001	5.50e+08	3.536	3.939	4.093	3.998	3.880	3.731	3.475	3.198	3.151
	0.0001	5.62e+08	3.558	3.959	4.108	4.012	3.894	3.744	3.487	3.211	3.164
	0.0001	5.76e+08	3.580	3.978	4.124	4.026	3.907	3.757	3.500	3.224	3.178
	0.0001	5.89e+08	3.601	3.998	4.139	4.039	3.919	3.767	3.508	3.232	3.185
	0.0001	6.03e+08	3.623	4.017	4.155	4.052	3.931	3.779	3.519	3.243	3.196
	0.0001	6.17e+08	3.645	4.037	4.171	4.066	3.944	3.791	3.530	3.254	3.207
	0.0001	6.31e+08	3.667	4.057	4.188	4.082	3.959	3.805	3.543	3.267	3.220
	0.0001	6.46e+08	3.689	4.077	4.205	4.097	3.972	3.817	3.555	3.279	3.232
	0.0001	6.61e+08	3.710	4.097	4.222	4.111	3.986	3.829	3.565	3.289	3.241
	0.0001	6.76e+08	3.732	4.117	4.240	4.127	4.000	3.842	3.576	3.299	3.252
	0.0001	6.92e+08	3.754	4.136	4.256	4.142	4.015	3.857	3.592	3.317	3.270
	0.0001	7.08e+08	3.775	4.155	4.272	4.156	4.028	3.870	3.605	3.330	3.283
	0.0001	7.25e+08	3.795	4.175	4.288	4.170	4.040	3.880	3.613	3.338	3.291
	0.0001	7.41e+08	3.817	4.195	4.305	4.185	4.054	3.893	3.624	3.349	3.301
	0.0001	7.59e+08	3.839	4.216	4.323	4.200	4.068	3.906	3.636	3.360	3.313
	0.0001	7.76e+08	3.862	4.236	4.340	4.216	4.084	3.921	3.651	3.376	3.329
	0.0001	7.94e+08	3.882	4.255	4.355	4.229	4.096	3.932	3.662	3.386	3.339
	0.0001	8.13e+08	3.902	4.274	4.370	4.243	4.108	3.944	3.672	3.397	3.349
	0.0001	8.32e+08	3.923	4.293	4.386	4.257	4.122	3.957	3.685	3.410	3.362
	0.0001	8.51e+08	3.945	4.311	4.400	4.270	4.135	3.971	3.701	3.429	3.382
	0.0001	8.71e+08	3.964	4.328	4.413	4.282	4.147	3.983	3.714	3.443	3.397
	0.0001	8.91e+08	3.984	4.345	4.427	4.294	4.159	3.995	3.726	3.458	3.412
	0.0001	9.12e+08	4.003	4.362	4.439	4.305	4.168	4.004	3.734	3.466	3.420
	0.0001	9.33e+08	4.020	4.379	4.452	4.315	4.177	4.011	3.741	3.472	3.426
	0.0001	9.55e+08	4.037	4.395	4.463	4.325	4.187	4.020	3.749	3.481	3.434
	0.0001	9.77e+08	4.055	4.410	4.474	4.335	4.197	4.031	3.761	3.494	3.448
	0.0001	1.00e+09	4.070	4.424	4.482	4.342	4.204	4.038	3.768	3.503	3.456
	0.0001	1.02e+09	4.084	4.436	4.489	4.347	4.209	4.043	3.774	3.510	3.464
	0.0001	1.05e+09	4.096	4.447	4.496	4.351	4.211	4.043	3.772	3.508	3.462
	0.0001	1.07e+09	4.109	4.460	4.503	4.355	4.214	4.045	3.772	3.508	3.462
	0.0001	1.10e+09	4.119	4.470	4.509	4.358	4.215	4.045	3.770	3.506	3.459
	0.0001	1.12e+09	4.128	4.481	4.516	4.360	4.214	4.041	3.763	3.497	3.450
	0.0001	1.15e+09	4.134	4.495	4.526	4.361	4.209	4.029	3.741	3.468	3.420
	0.0001	1.18e+09	4.149	4.512	4.541	4.371	4.214	4.031	3.739	3.463	3.414
	0.0001	1.20e+09	4.162	4.530	4.558	4.379	4.217	4.028	3.729	3.449	3.399
	0.0001	1.23e+09	4.171	4.548	4.575	4.386	4.216	4.018	3.709	3.421	3.370
	0.0001	1.26e+09	4.197	4.577	4.604	4.409	4.235	4.034	3.722	3.432	3.382
	0.0001	1.29e+09	4.225	4.608	4.634	4.434	4.256	4.052	3.736	3.443	3.392
	0.0001	1.32e+09	4.243	4.635	4.660	4.451	4.266	4.056	3.730	3.431	3.379
	0.0001	1.35e+09	4.260	4.658	4.683	4.465	4.275	4.059	3.726	3.423	3.370
	0.0001	1.38e+09	4.268	4.676	4.701	4.472	4.274	4.051	3.710	3.399	3.345
	0.0001	1.41e+09	4.270	4.689	4.712	4.473	4.267	4.036	3.684	3.366	3.311
	0.0001	1.45e+09	4.275	4.714	4.736	4.481	4.262	4.020	3.651	3.319	3.263
	0.0001	1.48e+09	4.306	4.757	4.781	4.515	4.288	4.038	3.660	3.320	3.262
	0.0001	1.51e+09	4.342	4.807	4.833	4.556	4.321	4.063	3.674	3.325	3.265
	0.0001	1.55e+09	4.379	4.843	4.871	4.591	4.355	4.097	3.708	3.359	3.300
	0.0001	1.59e+09	4.399	4.871	4.898	4.611	4.370	4.107	3.712	3.359	3.298
	0.0001	1.62e+09	4.421	4.902	4.929	4.635	4.388	4.120	3.719	3.362	3.301
	0.0001	1.66e+09	4.449	4.933	4.962	4.662	4.413	4.142	3.738	3.378	3.317
	0.0001	1.70e+09	4.465	4.955	4.983	4.677	4.424	4.149	3.741	3.379	3.318
	0.0001	1.74e+09	4.481	4.977	5.005	4.693	4.435	4.157	3.745	3.379	3.317
	0.0001	1.78e+09	4.500	5.001	5.029	4.711	4.450	4.169	3.753	3.385	3.323
	0.0001	1.82e+09	4.520	5.025	5.053	4.731	4.467	4.183	3.764	3.394	3.332
	0.0001	1.86e+09	4.538	5.047	5.076	4.748	4.481	4.194	3.772	3.400	3.338
	0.0001	1.91e+09	4.556	5.070	5.098	4.765	4.494	4.205	3.780	3.406	3.343
	0.0001	1.95e+09	4.577	5.094	5.122	4.785	4.512	4.220	3.792	3.417	3.353
	0.0001	2.00e+09	4.598	5.119	5.148	4.806	4.530	4.237	3.807	3.430	3.366
	0.0001	2.04e+09	4.614	5.139	5.168	4.822	4.542	4.246	3.813	3.434	3.370
	0.0001	2.09e+09	4.632	5.160	5.189	4.839	4.557	4.258	3.823	3.443	3.379
	0.0001	2.14e+09	4.649	5.182	5.210	4.856	4.571	4.270	3.832	3.450	3.386
	0.0001	2.19e+09	4.668	5.205	5.234	4.875	4.587	4.284	3.844	3.460	3.396
	0.0001	2.24e+09	4.687	5.226	5.255	4.892	4.602	4.298	3.855	3.470	3.406
	0.0001	2.29e+09	4.702	5.245	5.274	4.908	4.615	4.308	3.864	3.477	3.412
	0.0001	2.34e+09	4.714	5.261	5.290	4.920	4.625	4.316	3.869	3.482	3.417
	0.0001	2.40e+09	4.722	5.272	5.302	4.927	4.629	4.318	3.869	3.480	3.415
	0.0001	2.46e+09	4.701	5.266	5.295	4.907	4.602	4.284	3.826	3.432	3.365
	0.0001	2.51e+09	4.714	5.286	5.315	4.922	4.612	4.291	3.830	3.433	3.366
	0.0001	2.57e+09	4.731	5.307	5.337	4.939	4.627	4.303	3.840	3.441	3.374
	0.0001	2.63e+09	4.748	5.330	5.360	4.958	4.642	4.317	3.850	3.450	3.383
	0.0001	2.69e+09	4.768	5.353	5.384	4.978	4.661	4.333	3.865	3.464	3.396
	0.0001	2.75e+09	4.800	5.383	5.415	5.009	4.691	4.364	3.897	3.496	3.429
	0.0001	2.82e+09	4.816	5.403	5.436	5.026	4.706	4.376	3.907	3.505	3.437
	0.0001	2.88e+09	4.833	5.425	5.458	5.043	4.720	4.389	3.917	3.514	3.446
	0.0001	2.95e+09	4.852	5.448	5.482	5.063	4.737	4.404	3.929	3.524	3.456
	0.0001	3.02e+09	4.880	5.480	5.514	5.091	4.763	4.428	3.951	3.544	3.476
	0.0001	3.09e+09	4.912	5.511	5.546	5.122	4.794	4.458	3.982	3.576	3.507
	0.0001	3.16e+09	4.935	5.535	5.571	5.144	4.815	4.479	4.003	3.596	3.528
	0.0001	3.24e+09	4.954	5.557	5.594	5.164	4.833	4.495	4.017	3.610	3.541
	0.0001	3.31e+09	4.973	5.579	5.617	5.183	4.850	4.510	4.031	3.623	3.554
	0.0001	3.39e+09	4.998	5.608	5.646	5.209	4.873	4.531	4.050	3.640	3.571
	0.0001	3.47e+09	5.022	5.633	5.673	5.233	4.895	4.553	4.072	3.662	3.593
	0.0001	3.55e+09	5.049	5.659	5.700	5.259	4.921	4.578	4.096	3.687	3.618
	0.0001	3.63e+09	5.066	5.680	5.722	5.276	4.936	4.592	4.108	3.698	3.629
	0.0001	3.72e+09	5.085	5.702	5.745	5.296	4.953	4.607	4.122	3.711	3.642
	0.0001	3.80e+09	5.105	5.725	5.770	5.317	4.972	4.624	4.137	3.725	3.656
	0.0001	3.89e+09	5.127	5.750	5.796	5.339	4.992	4.643	4.154	3.741	3.672
	0.0001	3.98e+09	5.144	5.772	5.819	5.357	5.008	4.657	4.167	3.752	3.683
	0.0001	4.07e+09	5.168	5.797	5.846	5.382	5.031	4.679	4.188	3.773	3.704
	0.0001	4.17e+09	5.188	5.820	5.870	5.402	5.049	4.696	4.203	3.788	3.718
	0.0001	4.27e+09	5.203	5.840	5.892	5.419	5.063	4.707	4.212	3.795	3.725
	0.0001	4.37e+09	5.224	5.865	5.919	5.441	5.083	4.725	4.228	3.810	3.740
	0.0001	4.47e+09	5.244	5.889	5.943	5.462	5.101	4.741	4.243	3.824	3.753
	0.0001	4.57e+09	5.262	5.911	5.966	5.481	5.118	4.756	4.256	3.836	3.765
	0.0001	4.68e+09	5.282	5.934	5.991	5.503	5.137	4.775	4.273	3.853	3.782
	0.0001	4.79e+09	5.309	5.961	6.020	5.529	5.163	4.800	4.298	3.877	3.806
	0.0001	4.90e+09	5.326	5.982	6.043	5.548	5.180	4.815	4.311	3.890	3.818
	0.0001	5.01e+09	5.345	6.005	6.067	5.569	5.197	4.831	4.325	3.902	3.831
	0.0001	5.13e+09	5.366	6.028	6.091	5.590	5.218	4.850	4.344	3.920	3.849
	0.0001	5.25e+09	5.380	6.046	6.111	5.606	5.231	4.861	4.353	3.928	3.856
	0.0001	5.37e+09	5.396	6.067	6.133	5.624	5.246	4.875	4.365	3.939	3.867
	0.0001	5.50e+09	5.417	6.088	6.156	5.645	5.266	4.893	4.383	3.957	3.885
	0.0001	5.62e+09	5.431	6.107	6.176	5.661	5.279	4.905	4.393	3.966	3.893
	0.0001	5.76e+09	5.447	6.128	6.197	5.678	5.294	4.917	4.403	3.974	3.902
	0.0001	5.89e+09	5.465	6.149	6.219	5.697	5.311	4.934	4.418	3.989	3.916
	0.0001	6.03e+09	5.480	6.169	6.240	5.714	5.326	4.946	4.428	3.998	3.925
	0.0001	6.17e+09	5.497	6.190	6.261	5.733	5.343	4.962	4.442	4.011	3.938
	0.0001	6.31e+09	5.514	6.212	6.283	5.751	5.359	4.977	4.456	4.024	3.950
	0.0001	6.46e+09	5.530	6.232	6.304	5.768	5.374	4.991	4.468	4.035	3.961
	0.0001	6.61e+09	5.548	6.254	6.326	5.788	5.392	5.007	4.483	4.048	3.974
	0.0001	6.76e+09	5.569	6.277	6.349	5.809	5.412	5.026	4.500	4.066	3.992
	0.0001	6.92e+09	5.586	6.299	6.371	5.828	5.429	5.042	4.515	4.079	4.005
	0.0001	7.08e+09	5.603	6.319	6.391	5.846	5.446	5.057	4.529	4.093	4.018
	0.0001	7.25e+09	5.620	6.339	6.411	5.863	5.462	5.072	4.543	4.105	4.031
	0.0001	7.41e+09	5.639	6.360	6.432	5.883	5.480	5.090	4.560	4.122	4.048
	0.0001	7.59e+09	5.655	6.380	6.452	5.900	5.496	5.104	4.572	4.134	4.059
	0.0001	7.76e+09	5.672	6.401	6.472	5.918	5.513	5.119	4.587	4.147	4.072
	0.0001	7.94e+09	5.691	6.423	6.494	5.938	5.531	5.137	4.603	4.163	4.088
	0.0001	8.13e+09	5.713	6.448	6.519	5.961	5.554	5.159	4.624	4.184	4.108
	0.0001	8.32e+09	5.727	6.467	6.537	5.977	5.568	5.172	4.635	4.193	4.117
	0.0001	8.51e+09	5.744	6.488	6.556	5.995	5.584	5.187	4.649	4.207	4.130
	0.0001	8.71e+09	5.762	6.510	6.577	6.014	5.602	5.204	4.665	4.222	4.146
	0.0001	8.91e+09	5.777	6.530	6.595	6.030	5.617	5.219	4.678	4.233	4.156
	0.0001	9.12e+09	5.796	6.552	6.616	6.050	5.636	5.236	4.695	4.250	4.172
	0.0001	9.33e+09	5.814	6.574	6.636	6.068	5.654	5.253	4.710	4.264	4.186
	0.0001	9.55e+09	5.827	6.594	6.654	6.084	5.667	5.265	4.720	4.272	4.194
	0.0001	9.77e+09	5.859	6.630	6.690	6.118	5.700	5.296	4.749	4.301	4.223
	0.0001	1.00e+10	5.879	6.652	6.710	6.138	5.719	5.315	4.768	4.319	4.240
	0.0001	1.02e+10	5.892	6.671	6.727	6.153	5.733	5.328	4.778	4.328	4.249
	0.0001	1.05e+10	5.901	6.681	6.735	6.161	5.742	5.337	4.787	4.337	4.258
	0.0001	1.07e+10	5.914	6.699	6.750	6.176	5.755	5.349	4.797	4.346	4.266
	0.0001	1.10e+10	5.934	6.721	6.771	6.196	5.775	5.369	4.817	4.365	4.285
	0.0001	1.12e+10	5.943	6.732	6.780	6.207	5.786	5.379	4.826	4.374	4.294
	0.0001	1.15e+10	5.952	6.747	6.792	6.217	5.795	5.387	4.832	4.378	4.298
	0.0001	1.18e+10	5.989	6.789	6.835	6.256	5.832	5.422	4.866	4.411	4.331
	0.0001	1.20e+10	6.007	6.810	6.855	6.276	5.850	5.440	4.883	4.427	4.346
	0.0001	1.23e+10	6.023	6.830	6.874	6.294	5.868	5.457	4.898	4.442	4.361
	0.0001	1.26e+10	6.039	6.850	6.893	6.311	5.884	5.472	4.912	4.455	4.374
	0.0001	1.29e+10	6.053	6.870	6.912	6.328	5.900	5.486	4.924	4.466	4.384
	0.0001	1.32e+10	6.062	6.880	6.921	6.339	5.910	5.497	4.934	4.476	4.394
