#	Z	Age		mbol    U       B       V       R       I       J       H       K
	0.0032	3.98e+06	-2.610	-1.020	-0.559	-0.907	-1.207	-1.504	-1.924	-2.246	-2.310
	0.0032	4.07e+06	-2.562	-0.931	-0.596	-1.020	-1.339	-1.645	-2.060	-2.356	-2.420
	0.0032	4.17e+06	-2.515	-0.877	-0.557	-0.988	-1.300	-1.599	-1.992	-2.262	-2.326
	0.0032	4.27e+06	-2.465	-0.843	-0.503	-0.907	-1.207	-1.495	-1.877	-2.141	-2.204
	0.0032	4.37e+06	-2.416	-0.822	-0.472	-0.838	-1.117	-1.391	-1.756	-2.010	-2.070
	0.0032	4.47e+06	-2.368	-0.795	-0.434	-0.763	-1.026	-1.288	-1.641	-1.890	-1.947
	0.0032	4.57e+06	-2.327	-0.778	-0.416	-0.722	-0.973	-1.226	-1.571	-1.817	-1.873
	0.0032	4.68e+06	-2.290	-0.765	-0.405	-0.696	-0.940	-1.188	-1.526	-1.769	-1.825
	0.0032	4.79e+06	-2.251	-0.743	-0.369	-0.650	-0.890	-1.133	-1.468	-1.711	-1.766
	0.0032	4.90e+06	-2.212	-0.734	-0.344	-0.596	-0.822	-1.055	-1.379	-1.619	-1.673
	0.0032	5.01e+06	-2.171	-0.724	-0.312	-0.536	-0.747	-0.968	-1.278	-1.512	-1.564
	0.0032	5.13e+06	-2.132	-0.705	-0.271	-0.476	-0.677	-0.889	-1.188	-1.419	-1.470
	0.0032	5.25e+06	-2.093	-0.670	-0.217	-0.412	-0.609	-0.817	-1.112	-1.343	-1.393
	0.0032	5.37e+06	-2.054	-0.653	-0.172	-0.336	-0.516	-0.710	-0.990	-1.215	-1.263
	0.0032	5.50e+06	-2.014	-0.653	-0.144	-0.257	-0.405	-0.570	-0.813	-1.022	-1.065
	0.0032	5.62e+06	-1.979	-0.645	-0.104	-0.186	-0.315	-0.462	-0.682	-0.883	-0.924
	0.0032	5.75e+06	-1.946	-0.626	-0.051	-0.113	-0.232	-0.370	-0.580	-0.781	-0.820
	0.0032	5.89e+06	-1.913	-0.610	-0.008	-0.055	-0.167	-0.298	-0.499	-0.703	-0.741
	0.0032	6.03e+06	-1.879	-0.603	-0.003	-0.041	-0.147	-0.272	-0.466	-0.670	-0.707
	0.0032	6.17e+06	-1.843	-0.556	0.045	-0.017	-0.145	-0.294	-0.529	-0.764	-0.807
	0.0032	6.31e+06	-1.796	-0.477	0.147	0.073	-0.074	-0.247	-0.535	-0.822	-0.872
	0.0032	6.46e+06	-1.749	-0.393	0.283	0.214	0.051	-0.143	-0.488	-0.840	-0.897
	0.0032	6.61e+06	-1.703	-0.377	0.314	0.299	0.184	0.037	-0.242	-0.567	-0.619
	0.0032	6.76e+06	-1.669	-0.370	0.318	0.329	0.239	0.119	-0.116	-0.412	-0.459
	0.0032	6.92e+06	-1.635	-0.357	0.337	0.373	0.304	0.208	0.007	-0.274	-0.316
	0.0032	7.08e+06	-1.599	-0.332	0.380	0.435	0.381	0.301	0.124	-0.151	-0.191
	0.0032	7.24e+06	-1.562	-0.297	0.437	0.508	0.465	0.395	0.232	-0.042	-0.081
	0.0032	7.41e+06	-1.524	-0.258	0.496	0.578	0.541	0.479	0.325	0.048	0.010
	0.0032	7.59e+06	-1.489	-0.233	0.525	0.615	0.587	0.536	0.406	0.145	0.109
	0.0032	7.76e+06	-1.458	-0.211	0.543	0.630	0.600	0.547	0.416	0.156	0.121
	0.0032	7.94e+06	-1.426	-0.189	0.561	0.645	0.613	0.559	0.425	0.167	0.132
	0.0032	8.13e+06	-1.394	-0.166	0.578	0.660	0.626	0.570	0.435	0.178	0.142
	0.0032	8.32e+06	-1.362	-0.144	0.596	0.675	0.639	0.581	0.444	0.187	0.150
	0.0032	8.51e+06	-1.331	-0.129	0.605	0.681	0.644	0.585	0.447	0.191	0.155
	0.0032	8.71e+06	-1.300	-0.112	0.615	0.689	0.651	0.590	0.451	0.195	0.159
	0.0032	8.91e+06	-1.268	-0.094	0.624	0.691	0.649	0.585	0.441	0.186	0.149
	0.0032	9.12e+06	-1.231	-0.070	0.643	0.714	0.679	0.625	0.505	0.272	0.239
	0.0032	9.33e+06	-1.192	-0.043	0.664	0.744	0.718	0.676	0.582	0.370	0.342
	0.0032	9.55e+06	-1.152	-0.014	0.692	0.778	0.760	0.728	0.654	0.457	0.431
	0.0032	9.77e+06	-1.108	0.029	0.741	0.832	0.820	0.794	0.732	0.542	0.517
	0.0032	1.00e+07	-1.062	0.080	0.795	0.887	0.876	0.852	0.794	0.606	0.581
	0.0032	1.02e+07	-1.014	0.143	0.870	0.961	0.948	0.923	0.862	0.669	0.643
	0.0032	1.05e+07	-0.974	0.185	0.919	1.015	1.008	0.990	0.945	0.767	0.744
	0.0032	1.07e+07	-0.937	0.221	0.955	1.047	1.037	1.015	0.961	0.776	0.751
	0.0032	1.10e+07	-0.900	0.259	0.994	1.081	1.065	1.037	0.969	0.774	0.746
	0.0032	1.12e+07	-0.862	0.299	1.037	1.116	1.093	1.055	0.969	0.760	0.729
	0.0032	1.15e+07	-0.821	0.349	1.101	1.188	1.168	1.133	1.046	0.826	0.793
	0.0032	1.17e+07	-0.779	0.401	1.157	1.239	1.215	1.173	1.071	0.836	0.800
	0.0032	1.20e+07	-0.735	0.458	1.221	1.299	1.268	1.219	1.098	0.847	0.807
	0.0032	1.23e+07	-0.703	0.488	1.253	1.328	1.297	1.248	1.137	0.903	0.868
	0.0032	1.26e+07	-0.673	0.514	1.277	1.347	1.311	1.257	1.137	0.902	0.867
	0.0032	1.29e+07	-0.643	0.541	1.303	1.367	1.326	1.266	1.137	0.897	0.861
	0.0032	1.32e+07	-0.613	0.569	1.329	1.388	1.341	1.276	1.136	0.888	0.851
	0.0032	1.35e+07	-0.582	0.599	1.358	1.410	1.356	1.281	1.123	0.862	0.823
	0.0032	1.38e+07	-0.552	0.630	1.387	1.429	1.363	1.273	1.085	0.801	0.758
	0.0032	1.41e+07	-0.520	0.660	1.416	1.447	1.368	1.263	1.044	0.735	0.689
	0.0032	1.45e+07	-0.489	0.688	1.439	1.460	1.370	1.250	1.002	0.671	0.623
	0.0032	1.48e+07	-0.458	0.716	1.464	1.476	1.374	1.238	0.955	0.596	0.544
	0.0032	1.51e+07	-0.426	0.745	1.489	1.494	1.380	1.228	0.911	0.520	0.466
	0.0032	1.55e+07	-0.394	0.774	1.515	1.514	1.390	1.222	0.869	0.446	0.389
	0.0032	1.58e+07	-0.361	0.803	1.542	1.537	1.402	1.220	0.829	0.373	0.310
	0.0032	1.62e+07	-0.329	0.833	1.569	1.562	1.417	1.220	0.792	0.302	0.232
	0.0032	1.66e+07	-0.295	0.863	1.596	1.589	1.436	1.225	0.758	0.232	0.155
	0.0032	1.70e+07	-0.261	0.893	1.624	1.619	1.458	1.232	0.728	0.165	0.078
	0.0032	1.74e+07	-0.226	0.920	1.651	1.653	1.495	1.269	0.752	0.172	0.079
	0.0032	1.78e+07	-0.189	0.953	1.676	1.674	1.511	1.280	0.754	0.168	0.075
	0.0032	1.82e+07	-0.150	0.978	1.679	1.667	1.497	1.259	0.726	0.138	0.045
	0.0032	1.86e+07	-0.115	0.987	1.645	1.625	1.454	1.217	0.689	0.108	0.016
	0.0032	1.91e+07	-0.083	0.995	1.610	1.576	1.402	1.163	0.641	0.067	-0.024
	0.0032	1.95e+07	-0.050	1.024	1.574	1.528	1.351	1.110	0.589	0.024	-0.066
	0.0032	2.00e+07	-0.017	1.068	1.563	1.495	1.308	1.059	0.534	-0.023	-0.113
	0.0032	2.04e+07	0.018	1.135	1.593	1.498	1.297	1.039	0.512	-0.031	-0.119
	0.0032	2.09e+07	0.053	1.218	1.696	1.543	1.307	1.026	0.488	-0.047	-0.133
	0.0032	2.14e+07	0.089	1.287	1.803	1.606	1.341	1.037	0.480	-0.061	-0.147
	0.0032	2.19e+07	0.120	1.319	1.841	1.638	1.368	1.060	0.500	-0.044	-0.129
	0.0032	2.24e+07	0.148	1.346	1.869	1.659	1.384	1.073	0.508	-0.037	-0.122
	0.0032	2.29e+07	0.177	1.374	1.898	1.681	1.401	1.086	0.516	-0.031	-0.116
	0.0032	2.34e+07	0.205	1.401	1.926	1.704	1.419	1.101	0.528	-0.022	-0.106
	0.0032	2.40e+07	0.235	1.427	1.955	1.728	1.440	1.119	0.544	-0.007	-0.091
	0.0032	2.45e+07	0.264	1.452	1.979	1.749	1.459	1.138	0.563	0.014	-0.070
	0.0032	2.51e+07	0.293	1.468	1.986	1.765	1.482	1.164	0.593	0.044	-0.040
	0.0032	2.57e+07	0.321	1.480	1.987	1.777	1.501	1.189	0.622	0.074	-0.009
	0.0032	2.63e+07	0.350	1.493	1.990	1.791	1.522	1.214	0.651	0.102	0.020
	0.0032	2.69e+07	0.379	1.507	1.993	1.805	1.543	1.240	0.679	0.130	0.048
	0.0032	2.75e+07	0.408	1.521	1.998	1.821	1.566	1.266	0.707	0.157	0.075
	0.0032	2.82e+07	0.437	1.535	2.006	1.839	1.589	1.293	0.735	0.183	0.102
	0.0032	2.88e+07	0.467	1.550	2.017	1.858	1.612	1.319	0.762	0.208	0.127
	0.0032	2.95e+07	0.498	1.565	2.033	1.884	1.644	1.356	0.804	0.250	0.169
	0.0032	3.02e+07	0.529	1.579	2.053	1.915	1.683	1.401	0.856	0.304	0.224
	0.0032	3.09e+07	0.561	1.602	2.085	1.953	1.725	1.445	0.901	0.346	0.265
	0.0032	3.16e+07	0.594	1.627	2.112	1.984	1.758	1.482	0.942	0.388	0.308
	0.0032	3.24e+07	0.620	1.642	2.120	1.994	1.771	1.498	0.963	0.412	0.333
	0.0032	3.31e+07	0.646	1.657	2.128	2.004	1.784	1.514	0.984	0.436	0.357
	0.0032	3.39e+07	0.673	1.672	2.137	2.014	1.797	1.530	1.005	0.460	0.382
	0.0032	3.47e+07	0.699	1.688	2.145	2.025	1.811	1.547	1.026	0.483	0.406
	0.0032	3.55e+07	0.726	1.703	2.153	2.036	1.825	1.564	1.047	0.507	0.430
	0.0032	3.63e+07	0.753	1.718	2.163	2.049	1.843	1.586	1.075	0.538	0.462
	0.0032	3.72e+07	0.781	1.732	2.172	2.065	1.865	1.614	1.111	0.580	0.505
	0.0032	3.80e+07	0.809	1.749	2.187	2.084	1.888	1.641	1.144	0.615	0.541
	0.0032	3.89e+07	0.838	1.775	2.212	2.107	1.911	1.664	1.168	0.641	0.567
	0.0032	3.98e+07	0.866	1.798	2.231	2.125	1.929	1.682	1.188	0.663	0.589
	0.0032	4.07e+07	0.893	1.820	2.251	2.142	1.945	1.698	1.206	0.681	0.608
	0.0032	4.17e+07	0.920	1.843	2.270	2.160	1.962	1.715	1.222	0.699	0.626
	0.0032	4.27e+07	0.948	1.866	2.290	2.177	1.979	1.731	1.239	0.717	0.645
	0.0032	4.37e+07	0.975	1.889	2.311	2.195	1.996	1.748	1.257	0.735	0.663
	0.0032	4.47e+07	1.003	1.912	2.331	2.213	2.013	1.765	1.274	0.753	0.682
	0.0032	4.57e+07	1.031	1.935	2.351	2.232	2.030	1.782	1.291	0.771	0.700
	0.0032	4.68e+07	1.059	1.958	2.372	2.251	2.051	1.803	1.314	0.796	0.725
	0.0032	4.79e+07	1.088	1.981	2.393	2.273	2.074	1.829	1.344	0.829	0.758
	0.0032	4.90e+07	1.117	2.005	2.417	2.297	2.099	1.854	1.371	0.856	0.786
	0.0032	5.01e+07	1.147	2.032	2.446	2.324	2.125	1.878	1.394	0.878	0.808
	0.0032	5.13e+07	1.173	2.049	2.459	2.339	2.141	1.897	1.418	0.906	0.836
	0.0032	5.25e+07	1.199	2.067	2.472	2.351	2.154	1.911	1.435	0.925	0.856
	0.0032	5.37e+07	1.224	2.084	2.485	2.363	2.167	1.926	1.451	0.943	0.875
	0.0032	5.50e+07	1.249	2.101	2.498	2.376	2.180	1.940	1.468	0.962	0.894
	0.0032	5.62e+07	1.274	2.119	2.511	2.389	2.194	1.954	1.485	0.981	0.913
	0.0032	5.75e+07	1.301	2.137	2.525	2.403	2.210	1.973	1.508	1.007	0.940
	0.0032	5.89e+07	1.327	2.154	2.539	2.418	2.227	1.991	1.530	1.033	0.967
	0.0032	6.03e+07	1.353	2.174	2.555	2.435	2.244	2.011	1.552	1.056	0.990
	0.0032	6.17e+07	1.380	2.195	2.574	2.453	2.263	2.030	1.574	1.081	1.015
	0.0032	6.31e+07	1.406	2.215	2.590	2.467	2.277	2.044	1.590	1.099	1.033
	0.0032	6.46e+07	1.432	2.236	2.608	2.484	2.293	2.060	1.607	1.117	1.052
	0.0032	6.61e+07	1.459	2.256	2.626	2.502	2.314	2.083	1.633	1.147	1.082
	0.0032	6.76e+07	1.485	2.275	2.643	2.519	2.332	2.102	1.655	1.172	1.107
	0.0032	6.92e+07	1.512	2.298	2.666	2.541	2.352	2.122	1.674	1.190	1.126
	0.0032	7.08e+07	1.539	2.322	2.690	2.561	2.371	2.140	1.693	1.209	1.145
	0.0032	7.24e+07	1.564	2.344	2.709	2.577	2.384	2.151	1.701	1.217	1.153
	0.0032	7.41e+07	1.588	2.366	2.729	2.592	2.396	2.161	1.709	1.225	1.161
	0.0032	7.59e+07	1.613	2.388	2.748	2.607	2.409	2.172	1.720	1.236	1.172
	0.0032	7.76e+07	1.637	2.407	2.765	2.622	2.423	2.186	1.734	1.252	1.188
	0.0032	7.94e+07	1.662	2.426	2.780	2.636	2.438	2.201	1.750	1.269	1.205
	0.0032	8.13e+07	1.686	2.444	2.795	2.651	2.452	2.215	1.765	1.285	1.221
	0.0032	8.32e+07	1.711	2.464	2.812	2.666	2.468	2.231	1.781	1.302	1.238
	0.0032	8.51e+07	1.736	2.483	2.828	2.682	2.483	2.246	1.796	1.317	1.252
	0.0032	8.71e+07	1.760	2.502	2.845	2.698	2.498	2.260	1.809	1.329	1.263
	0.0032	8.91e+07	1.784	2.522	2.862	2.713	2.513	2.274	1.822	1.340	1.275
	0.0032	9.12e+07	1.809	2.541	2.879	2.730	2.530	2.291	1.838	1.356	1.290
	0.0032	9.33e+07	1.834	2.559	2.894	2.746	2.546	2.309	1.858	1.377	1.311
	0.0032	9.55e+07	1.859	2.578	2.909	2.762	2.563	2.327	1.877	1.397	1.331
	0.0032	9.77e+07	1.885	2.598	2.926	2.779	2.581	2.344	1.895	1.416	1.350
	0.0032	1.00e+08	1.911	2.616	2.943	2.796	2.599	2.364	1.918	1.441	1.374
	0.0032	1.02e+08	1.935	2.635	2.958	2.811	2.614	2.380	1.935	1.459	1.393
	0.0032	1.05e+08	1.960	2.653	2.973	2.826	2.630	2.396	1.953	1.478	1.412
	0.0032	1.07e+08	1.985	2.672	2.989	2.842	2.646	2.413	1.971	1.497	1.431
	0.0032	1.10e+08	2.010	2.691	3.005	2.858	2.664	2.431	1.991	1.519	1.453
	0.0032	1.12e+08	2.035	2.710	3.021	2.874	2.679	2.448	2.008	1.536	1.470
	0.0032	1.15e+08	2.060	2.729	3.037	2.890	2.696	2.465	2.026	1.555	1.489
	0.0032	1.17e+08	2.084	2.749	3.054	2.907	2.713	2.482	2.044	1.574	1.508
	0.0032	1.20e+08	2.110	2.767	3.069	2.923	2.731	2.501	2.066	1.598	1.532
	0.0032	1.23e+08	2.134	2.785	3.084	2.938	2.747	2.519	2.085	1.619	1.553
	0.0032	1.26e+08	2.159	2.803	3.098	2.953	2.763	2.535	2.103	1.638	1.572
	0.0032	1.29e+08	2.183	2.822	3.115	2.969	2.779	2.552	2.120	1.655	1.589
	0.0032	1.32e+08	2.208	2.842	3.131	2.985	2.796	2.569	2.139	1.676	1.610
	0.0032	1.35e+08	2.232	2.860	3.146	3.000	2.811	2.585	2.157	1.695	1.629
	0.0032	1.38e+08	2.256	2.878	3.161	3.014	2.826	2.600	2.173	1.711	1.645
	0.0032	1.41e+08	2.280	2.897	3.176	3.030	2.841	2.616	2.189	1.729	1.663
	0.0032	1.45e+08	2.305	2.917	3.193	3.045	2.856	2.631	2.204	1.744	1.678
	0.0032	1.48e+08	2.330	2.936	3.209	3.061	2.873	2.648	2.223	1.765	1.699
	0.0032	1.51e+08	2.354	2.955	3.224	3.076	2.889	2.665	2.241	1.784	1.718
	0.0032	1.55e+08	2.378	2.974	3.239	3.091	2.904	2.681	2.258	1.802	1.735
	0.0032	1.59e+08	2.402	2.993	3.255	3.107	2.920	2.697	2.276	1.820	1.753
	0.0032	1.62e+08	2.427	3.013	3.271	3.123	2.936	2.714	2.293	1.837	1.771
	0.0032	1.66e+08	2.451	3.032	3.287	3.138	2.953	2.731	2.312	1.858	1.791
	0.0032	1.70e+08	2.475	3.050	3.302	3.154	2.969	2.748	2.330	1.877	1.810
	0.0032	1.74e+08	2.499	3.069	3.317	3.169	2.984	2.764	2.347	1.895	1.828
	0.0032	1.78e+08	2.523	3.088	3.333	3.185	3.001	2.781	2.365	1.913	1.846
	0.0032	1.82e+08	2.547	3.109	3.350	3.201	3.017	2.797	2.381	1.930	1.863
	0.0032	1.86e+08	2.572	3.127	3.365	3.216	3.033	2.814	2.402	1.955	1.888
	0.0032	1.91e+08	2.595	3.145	3.379	3.229	3.046	2.829	2.418	1.972	1.905
	0.0032	1.95e+08	2.618	3.164	3.393	3.243	3.060	2.842	2.433	1.988	1.921
	0.0032	2.00e+08	2.641	3.182	3.408	3.256	3.073	2.856	2.448	2.005	1.938
	0.0032	2.04e+08	2.665	3.202	3.424	3.271	3.088	2.870	2.463	2.021	1.954
	0.0032	2.09e+08	2.688	3.222	3.441	3.286	3.102	2.885	2.479	2.038	1.971
	0.0032	2.14e+08	2.712	3.241	3.457	3.300	3.115	2.898	2.494	2.055	1.989
	0.0032	2.19e+08	2.735	3.260	3.473	3.314	3.129	2.912	2.509	2.072	2.005
	0.0032	2.24e+08	2.757	3.279	3.488	3.328	3.142	2.925	2.521	2.086	2.019
	0.0032	2.29e+08	2.780	3.299	3.505	3.342	3.156	2.938	2.535	2.099	2.032
	0.0032	2.34e+08	2.803	3.320	3.524	3.358	3.171	2.951	2.547	2.112	2.045
	0.0032	2.40e+08	2.827	3.341	3.542	3.374	3.186	2.966	2.562	2.127	2.060
	0.0032	2.45e+08	2.851	3.362	3.559	3.389	3.199	2.979	2.576	2.144	2.078
	0.0032	2.51e+08	2.873	3.382	3.577	3.404	3.213	2.991	2.589	2.157	2.090
	0.0032	2.57e+08	2.896	3.403	3.594	3.419	3.226	3.004	2.600	2.169	2.103
	0.0032	2.63e+08	2.919	3.425	3.614	3.435	3.241	3.016	2.611	2.180	2.113
	0.0032	2.69e+08	2.942	3.449	3.635	3.453	3.256	3.029	2.621	2.189	2.122
	0.0032	2.75e+08	2.966	3.472	3.656	3.471	3.271	3.042	2.633	2.199	2.132
	0.0032	2.82e+08	2.990	3.494	3.675	3.488	3.287	3.057	2.648	2.216	2.150
	0.0032	2.88e+08	3.012	3.516	3.694	3.503	3.300	3.069	2.659	2.228	2.161
	0.0032	2.95e+08	3.035	3.537	3.711	3.519	3.315	3.083	2.673	2.243	2.176
	0.0032	3.02e+08	3.057	3.557	3.728	3.533	3.329	3.096	2.686	2.256	2.189
	0.0032	3.09e+08	3.080	3.580	3.747	3.550	3.344	3.110	2.698	2.267	2.200
	0.0032	3.16e+08	3.104	3.603	3.768	3.569	3.360	3.124	2.710	2.278	2.211
	0.0032	3.24e+08	3.127	3.627	3.788	3.586	3.377	3.139	2.723	2.290	2.223
	0.0032	3.31e+08	3.152	3.649	3.807	3.604	3.394	3.156	2.741	2.311	2.244
	0.0032	3.39e+08	3.174	3.672	3.825	3.619	3.408	3.169	2.753	2.322	2.256
	0.0032	3.47e+08	3.197	3.695	3.843	3.636	3.423	3.184	2.767	2.336	2.270
	0.0032	3.55e+08	3.220	3.717	3.861	3.652	3.438	3.198	2.779	2.348	2.282
	0.0032	3.63e+08	3.243	3.741	3.881	3.669	3.454	3.212	2.792	2.360	2.293
	0.0032	3.72e+08	3.266	3.764	3.899	3.686	3.470	3.227	2.806	2.374	2.307
	0.0032	3.80e+08	3.290	3.787	3.918	3.703	3.487	3.243	2.821	2.389	2.322
	0.0032	3.89e+08	3.314	3.810	3.936	3.720	3.504	3.260	2.837	2.405	2.338
	0.0032	3.98e+08	3.338	3.832	3.953	3.736	3.520	3.277	2.856	2.427	2.360
	0.0032	4.07e+08	3.361	3.853	3.969	3.751	3.534	3.291	2.871	2.442	2.376
	0.0032	4.17e+08	3.381	3.876	3.986	3.763	3.544	3.299	2.876	2.447	2.382
	0.0032	4.27e+08	3.404	3.900	4.004	3.778	3.557	3.311	2.888	2.460	2.394
	0.0032	4.37e+08	3.426	3.924	4.022	3.793	3.570	3.322	2.899	2.471	2.406
	0.0032	4.47e+08	3.448	3.947	4.040	3.807	3.582	3.333	2.909	2.482	2.417
	0.0032	4.57e+08	3.470	3.970	4.058	3.821	3.595	3.345	2.920	2.494	2.430
	0.0032	4.68e+08	3.493	3.994	4.076	3.836	3.608	3.357	2.932	2.507	2.443
	0.0032	4.79e+08	3.512	4.018	4.095	3.851	3.620	3.366	2.936	2.507	2.442
	0.0032	4.90e+08	3.538	4.044	4.116	3.870	3.640	3.386	2.955	2.527	2.463
	0.0032	5.01e+08	3.565	4.071	4.138	3.891	3.660	3.406	2.975	2.548	2.484
	0.0032	5.13e+08	3.592	4.098	4.160	3.911	3.680	3.426	2.996	2.569	2.506
	0.0032	5.25e+08	3.619	4.125	4.182	3.932	3.701	3.447	3.017	2.592	2.528
	0.0032	5.37e+08	3.647	4.152	4.205	3.954	3.722	3.468	3.039	2.614	2.551
	0.0032	5.50e+08	3.676	4.179	4.229	3.977	3.746	3.492	3.065	2.641	2.578
	0.0032	5.62e+08	3.705	4.204	4.250	3.998	3.769	3.517	3.094	2.676	2.614
	0.0032	5.76e+08	3.729	4.229	4.270	4.017	3.787	3.535	3.111	2.693	2.631
	0.0032	5.89e+08	3.753	4.254	4.290	4.035	3.804	3.552	3.128	2.711	2.649
	0.0032	6.03e+08	3.778	4.279	4.311	4.054	3.823	3.570	3.146	2.729	2.667
	0.0032	6.17e+08	3.802	4.305	4.333	4.073	3.841	3.588	3.163	2.747	2.685
	0.0032	6.31e+08	3.827	4.331	4.354	4.093	3.860	3.606	3.182	2.765	2.704
	0.0032	6.46e+08	3.853	4.358	4.376	4.113	3.880	3.625	3.200	2.784	2.723
	0.0032	6.61e+08	3.882	4.382	4.398	4.134	3.902	3.650	3.231	2.821	2.761
	0.0032	6.76e+08	3.905	4.406	4.417	4.150	3.918	3.665	3.247	2.841	2.781
	0.0032	6.92e+08	3.928	4.430	4.437	4.167	3.934	3.681	3.264	2.860	2.802
	0.0032	7.08e+08	3.949	4.454	4.457	4.183	3.948	3.693	3.274	2.869	2.810
	0.0032	7.25e+08	3.969	4.478	4.477	4.199	3.962	3.705	3.284	2.877	2.818
	0.0032	7.41e+08	3.987	4.502	4.496	4.214	3.974	3.716	3.291	2.882	2.822
	0.0032	7.59e+08	4.011	4.527	4.517	4.232	3.991	3.732	3.309	2.902	2.843
	0.0032	7.76e+08	4.034	4.551	4.538	4.250	4.008	3.749	3.326	2.922	2.864
	0.0032	7.94e+08	4.055	4.576	4.559	4.267	4.023	3.762	3.339	2.934	2.876
	0.0032	8.13e+08	4.081	4.602	4.581	4.286	4.042	3.781	3.358	2.956	2.898
	0.0032	8.32e+08	4.105	4.628	4.604	4.306	4.061	3.799	3.377	2.977	2.919
	0.0032	8.51e+08	4.130	4.653	4.627	4.326	4.080	3.818	3.397	2.998	2.941
	0.0032	8.71e+08	4.153	4.678	4.649	4.345	4.097	3.834	3.413	3.015	2.957
	0.0032	8.91e+08	4.176	4.703	4.671	4.363	4.114	3.850	3.429	3.032	2.975
	0.0032	9.12e+08	4.199	4.727	4.692	4.382	4.131	3.868	3.448	3.054	2.998
	0.0032	9.33e+08	4.221	4.751	4.714	4.399	4.147	3.883	3.463	3.071	3.015
	0.0032	9.55e+08	4.243	4.775	4.736	4.417	4.163	3.898	3.478	3.088	3.032
	0.0032	9.77e+08	4.265	4.798	4.758	4.435	4.179	3.913	3.494	3.105	3.049
	0.0032	1.00e+09	4.285	4.821	4.779	4.452	4.194	3.927	3.508	3.121	3.066
	0.0032	1.02e+09	4.305	4.845	4.801	4.468	4.208	3.939	3.518	3.131	3.076
	0.0032	1.05e+09	4.323	4.871	4.824	4.486	4.222	3.949	3.525	3.135	3.079
	0.0032	1.07e+09	4.347	4.898	4.849	4.507	4.241	3.968	3.543	3.154	3.099
	0.0032	1.10e+09	4.374	4.925	4.875	4.530	4.264	3.990	3.567	3.180	3.126
	0.0032	1.12e+09	4.395	4.949	4.899	4.549	4.280	4.005	3.581	3.195	3.140
	0.0032	1.15e+09	4.415	4.973	4.922	4.567	4.296	4.018	3.592	3.205	3.150
	0.0032	1.18e+09	4.435	4.998	4.946	4.586	4.311	4.032	3.605	3.217	3.162
	0.0032	1.20e+09	4.453	5.021	4.969	4.603	4.326	4.044	3.613	3.223	3.168
	0.0032	1.23e+09	4.466	5.043	4.990	4.617	4.335	4.050	3.615	3.222	3.166
	0.0032	1.26e+09	4.482	5.066	5.012	4.633	4.347	4.059	3.621	3.226	3.170
	0.0032	1.29e+09	4.492	5.090	5.034	4.646	4.354	4.061	3.615	3.213	3.156
	0.0032	1.32e+09	4.508	5.115	5.058	4.663	4.367	4.071	3.621	3.217	3.160
	0.0032	1.35e+09	4.501	5.133	5.071	4.661	4.355	4.051	3.591	3.179	3.121
	0.0032	1.38e+09	4.492	5.147	5.082	4.657	4.343	4.032	3.561	3.140	3.081
	0.0032	1.41e+09	4.465	5.158	5.086	4.642	4.315	3.992	3.504	3.067	3.007
	0.0032	1.45e+09	4.434	5.169	5.089	4.626	4.284	3.949	3.441	2.985	2.923
	0.0032	1.48e+09	4.419	5.176	5.094	4.616	4.266	3.924	3.407	2.945	2.882
	0.0032	1.51e+09	4.403	5.181	5.096	4.605	4.247	3.899	3.375	2.908	2.845
	0.0032	1.55e+09	4.380	5.187	5.096	4.589	4.222	3.866	3.333	2.859	2.795
	0.0032	1.59e+09	4.616	5.389	5.306	4.833	4.480	4.132	3.594	3.103	3.035
	0.0032	1.62e+09	4.628	5.415	5.332	4.851	4.491	4.139	3.594	3.097	3.029
	0.0032	1.66e+09	4.639	5.441	5.358	4.867	4.502	4.145	3.593	3.091	3.022
	0.0032	1.70e+09	4.649	5.468	5.383	4.884	4.513	4.150	3.592	3.083	3.013
	0.0032	1.74e+09	4.664	5.495	5.411	4.905	4.528	4.162	3.597	3.084	3.012
	0.0032	1.78e+09	4.679	5.523	5.439	4.925	4.543	4.173	3.602	3.084	3.012
	0.0032	1.82e+09	4.694	5.551	5.467	4.946	4.559	4.185	3.609	3.086	3.013
	0.0032	1.86e+09	4.713	5.578	5.495	4.967	4.577	4.200	3.621	3.096	3.022
	0.0032	1.91e+09	4.729	5.605	5.522	4.988	4.594	4.213	3.629	3.100	3.026
	0.0032	1.95e+09	4.745	5.632	5.549	5.009	4.610	4.225	3.637	3.105	3.031
	0.0032	2.00e+09	4.758	5.658	5.576	5.027	4.623	4.235	3.642	3.106	3.031
	0.0032	2.04e+09	4.775	5.686	5.604	5.049	4.641	4.249	3.652	3.111	3.035
	0.0032	2.09e+09	4.794	5.717	5.635	5.074	4.661	4.265	3.663	3.118	3.042
	0.0032	2.14e+09	4.819	5.749	5.669	5.102	4.686	4.288	3.682	3.135	3.057
	0.0032	2.19e+09	4.845	5.779	5.701	5.130	4.712	4.312	3.704	3.156	3.079
	0.0032	2.24e+09	4.860	5.804	5.726	5.149	4.726	4.323	3.713	3.163	3.085
	0.0032	2.29e+09	4.873	5.829	5.751	5.166	4.739	4.333	3.719	3.166	3.088
	0.0032	2.34e+09	4.886	5.854	5.775	5.183	4.751	4.342	3.725	3.170	3.092
	0.0032	2.40e+09	4.898	5.880	5.801	5.200	4.764	4.351	3.729	3.172	3.092
	0.0032	2.46e+09	4.911	5.905	5.825	5.218	4.778	4.362	3.736	3.176	3.096
	0.0032	2.51e+09	4.926	5.934	5.853	5.238	4.793	4.374	3.744	3.182	3.101
	0.0032	2.57e+09	4.927	5.953	5.869	5.243	4.793	4.370	3.737	3.172	3.091
	0.0032	2.63e+09	4.886	5.965	5.867	5.221	4.757	4.324	3.674	3.097	3.015
	0.0032	2.69e+09	4.899	5.992	5.891	5.237	4.770	4.334	3.682	3.103	3.020
	0.0032	2.75e+09	4.913	6.015	5.913	5.254	4.784	4.346	3.692	3.112	3.029
	0.0032	2.82e+09	4.928	6.040	5.936	5.272	4.799	4.359	3.702	3.119	3.036
	0.0032	2.88e+09	4.949	6.069	5.964	5.297	4.821	4.379	3.719	3.135	3.051
	0.0032	2.95e+09	4.987	6.097	5.995	5.330	4.857	4.417	3.761	3.181	3.098
	0.0032	3.02e+09	5.004	6.120	6.017	5.348	4.873	4.432	3.775	3.193	3.110
	0.0032	3.09e+09	5.025	6.148	6.044	5.373	4.896	4.453	3.793	3.210	3.126
	0.0032	3.16e+09	5.059	6.181	6.079	5.408	4.931	4.487	3.827	3.242	3.158
	0.0032	3.24e+09	5.082	6.210	6.108	5.435	4.956	4.511	3.847	3.260	3.175
	0.0032	3.31e+09	5.116	6.235	6.136	5.465	4.987	4.544	3.884	3.301	3.217
	0.0032	3.39e+09	5.131	6.258	6.158	5.482	5.002	4.557	3.895	3.310	3.225
	0.0032	3.47e+09	5.149	6.284	6.183	5.504	5.022	4.575	3.910	3.324	3.238
	0.0032	3.55e+09	5.168	6.308	6.206	5.524	5.041	4.592	3.927	3.340	3.254
	0.0032	3.63e+09	5.185	6.332	6.228	5.543	5.058	4.608	3.941	3.353	3.267
	0.0032	3.72e+09	5.204	6.355	6.251	5.563	5.077	4.626	3.958	3.369	3.283
	0.0032	3.80e+09	5.220	6.378	6.272	5.581	5.093	4.641	3.971	3.381	3.295
	0.0032	3.89e+09	5.236	6.400	6.294	5.600	5.109	4.656	3.985	3.394	3.307
	0.0032	3.98e+09	5.254	6.424	6.316	5.619	5.127	4.673	4.001	3.409	3.322
	0.0032	4.07e+09	5.270	6.447	6.338	5.638	5.145	4.689	4.014	3.421	3.334
	0.0032	4.17e+09	5.293	6.476	6.366	5.664	5.169	4.711	4.035	3.441	3.353
	0.0032	4.27e+09	5.330	6.513	6.404	5.701	5.206	4.748	4.071	3.477	3.389
	0.0032	4.37e+09	5.347	6.539	6.428	5.722	5.224	4.764	4.085	3.488	3.399
	0.0032	4.47e+09	5.367	6.566	6.453	5.744	5.245	4.784	4.102	3.504	3.415
	0.0032	4.57e+09	5.388	6.595	6.481	5.769	5.268	4.805	4.121	3.520	3.431
	0.0032	4.68e+09	5.438	6.628	6.520	5.812	5.314	4.854	4.176	3.581	3.492
	0.0032	4.79e+09	5.464	6.658	6.550	5.840	5.341	4.880	4.200	3.604	3.515
	0.0032	4.90e+09	5.480	6.682	6.571	5.858	5.357	4.895	4.214	3.616	3.527
	0.0032	5.01e+09	5.499	6.706	6.594	5.879	5.376	4.913	4.231	3.634	3.544
	0.0032	5.13e+09	5.515	6.730	6.616	5.897	5.393	4.928	4.244	3.645	3.555
	0.0032	5.25e+09	5.535	6.755	6.639	5.919	5.413	4.947	4.262	3.663	3.573
	0.0032	5.37e+09	5.552	6.779	6.662	5.938	5.431	4.964	4.277	3.676	3.586
	0.0032	5.50e+09	5.570	6.804	6.684	5.958	5.449	4.981	4.293	3.692	3.601
	0.0032	5.62e+09	5.585	6.828	6.706	5.976	5.466	4.996	4.305	3.702	3.611
	0.0032	5.76e+09	5.600	6.852	6.728	5.994	5.481	5.010	4.316	3.711	3.620
	0.0032	5.89e+09	5.619	6.877	6.751	6.015	5.501	5.028	4.333	3.727	3.635
	0.0032	6.03e+09	5.636	6.903	6.775	6.035	5.519	5.045	4.348	3.741	3.649
	0.0032	6.17e+09	5.650	6.928	6.797	6.054	5.535	5.058	4.358	3.749	3.655
	0.0032	6.31e+09	5.672	6.953	6.821	6.076	5.557	5.079	4.379	3.770	3.677
	0.0032	6.46e+09	5.691	6.979	6.845	6.097	5.576	5.097	4.396	3.785	3.692
	0.0032	6.61e+09	5.711	7.004	6.868	6.118	5.596	5.117	4.415	3.805	3.712
	0.0032	6.76e+09	5.728	7.029	6.890	6.137	5.614	5.133	4.430	3.819	3.725
	0.0032	6.92e+09	5.744	7.054	6.912	6.156	5.630	5.149	4.443	3.831	3.737
	0.0032	7.08e+09	5.763	7.080	6.936	6.177	5.650	5.167	4.459	3.846	3.751
	0.0032	7.25e+09	5.781	7.105	6.959	6.197	5.669	5.184	4.476	3.861	3.766
	0.0032	7.41e+09	5.800	7.130	6.982	6.218	5.688	5.202	4.493	3.878	3.782
	0.0032	7.59e+09	5.816	7.154	7.003	6.236	5.705	5.218	4.506	3.890	3.794
	0.0032	7.76e+09	5.833	7.179	7.026	6.256	5.723	5.235	4.521	3.904	3.808
	0.0032	7.94e+09	5.851	7.203	7.047	6.275	5.741	5.252	4.537	3.920	3.823
	0.0032	8.13e+09	5.866	7.228	7.069	6.294	5.758	5.267	4.551	3.932	3.835
	0.0032	8.32e+09	5.884	7.252	7.091	6.313	5.776	5.284	4.566	3.947	3.850
	0.0032	8.51e+09	5.899	7.277	7.112	6.331	5.792	5.299	4.579	3.958	3.861
	0.0032	8.71e+09	5.917	7.302	7.135	6.352	5.811	5.316	4.595	3.973	3.875
	0.0032	8.91e+09	5.933	7.327	7.157	6.371	5.828	5.332	4.608	3.985	3.887
	0.0032	9.12e+09	5.954	7.353	7.180	6.392	5.848	5.352	4.628	4.005	3.906
	0.0032	9.33e+09	5.972	7.378	7.203	6.412	5.867	5.369	4.644	4.020	3.921
	0.0032	9.55e+09	5.988	7.404	7.225	6.432	5.884	5.385	4.658	4.033	3.933
	0.0032	9.77e+09	6.003	7.430	7.248	6.451	5.902	5.400	4.671	4.044	3.944
	0.0032	1.00e+10	6.018	7.454	7.269	6.469	5.917	5.414	4.683	4.054	3.954
	0.0032	1.02e+10	6.035	7.477	7.289	6.487	5.935	5.431	4.699	4.070	3.970
	0.0032	1.05e+10	6.050	7.502	7.310	6.504	5.951	5.445	4.711	4.081	3.980
	0.0032	1.07e+10	6.065	7.527	7.332	6.524	5.968	5.461	4.724	4.093	3.991
	0.0032	1.10e+10	6.082	7.551	7.353	6.542	5.985	5.477	4.739	4.107	4.005
	0.0032	1.12e+10	6.096	7.575	7.374	6.560	6.001	5.491	4.751	4.118	4.015
	0.0032	1.15e+10	6.115	7.602	7.398	6.582	6.021	5.510	4.768	4.134	4.030
	0.0032	1.18e+10	6.130	7.630	7.421	6.602	6.039	5.524	4.779	4.141	4.037
	0.0032	1.20e+10	6.147	7.655	7.443	6.621	6.057	5.541	4.794	4.156	4.052
	0.0032	1.23e+10	6.166	7.678	7.464	6.640	6.075	5.560	4.813	4.176	4.072
	0.0032	1.26e+10	6.173	7.693	7.475	6.649	6.082	5.566	4.818	4.180	4.075
	0.0032	1.29e+10	6.186	7.715	7.493	6.664	6.096	5.579	4.830	4.191	4.086
	0.0032	1.32e+10	6.202	7.733	7.509	6.680	6.112	5.594	4.845	4.207	4.102
