#	Z	Age		mbol    U       B       V       R       I       J       H       K
	0.0048	3.98e+06	-2.622	-0.983	-0.349	-0.625	-0.912	-1.204	-1.651	-2.028	-2.090
	0.0048	4.07e+06	-2.578	-1.012	-0.446	-0.714	-0.987	-1.266	-1.692	-2.049	-2.110
	0.0048	4.17e+06	-2.534	-0.905	-0.428	-0.801	-1.104	-1.397	-1.804	-2.107	-2.171
	0.0048	4.27e+06	-2.485	-1.010	-0.569	-0.835	-1.066	-1.300	-1.624	-1.862	-1.917
	0.0048	4.37e+06	-2.435	-1.104	-0.728	-0.898	-1.068	-1.249	-1.505	-1.699	-1.743
	0.0048	4.47e+06	-2.389	-0.874	-0.532	-0.881	-1.146	-1.404	-1.750	-1.991	-2.049
	0.0048	4.57e+06	-2.347	-0.737	-0.353	-0.790	-1.109	-1.410	-1.812	-2.096	-2.161
	0.0048	4.68e+06	-2.304	-0.721	-0.345	-0.757	-1.061	-1.351	-1.741	-2.017	-2.080
	0.0048	4.79e+06	-2.258	-0.702	-0.330	-0.716	-1.005	-1.282	-1.655	-1.919	-1.980
	0.0048	4.90e+06	-2.218	-0.700	-0.337	-0.690	-0.961	-1.225	-1.582	-1.835	-1.893
	0.0048	5.01e+06	-2.177	-0.691	-0.334	-0.658	-0.915	-1.168	-1.513	-1.758	-1.815
	0.0048	5.13e+06	-2.134	-0.651	-0.290	-0.614	-0.872	-1.126	-1.474	-1.724	-1.780
	0.0048	5.25e+06	-2.093	-0.607	-0.236	-0.565	-0.828	-1.087	-1.444	-1.701	-1.759
	0.0048	5.37e+06	-2.050	-0.577	-0.182	-0.498	-0.759	-1.018	-1.379	-1.645	-1.704
	0.0048	5.50e+06	-2.006	-0.563	-0.147	-0.430	-0.679	-0.930	-1.286	-1.556	-1.614
	0.0048	5.62e+06	-1.962	-0.551	-0.114	-0.363	-0.595	-0.833	-1.176	-1.442	-1.499
	0.0048	5.75e+06	-1.924	-0.539	-0.088	-0.320	-0.543	-0.774	-1.109	-1.373	-1.428
	0.0048	5.89e+06	-1.885	-0.519	-0.054	-0.273	-0.491	-0.716	-1.046	-1.309	-1.364
	0.0048	6.03e+06	-1.845	-0.497	-0.020	-0.226	-0.436	-0.656	-0.980	-1.244	-1.298
	0.0048	6.17e+06	-1.804	-0.491	-0.004	-0.179	-0.372	-0.577	-0.885	-1.143	-1.196
	0.0048	6.31e+06	-1.764	-0.474	0.032	-0.119	-0.301	-0.499	-0.804	-1.070	-1.122
	0.0048	6.46e+06	-1.722	-0.440	0.094	-0.044	-0.224	-0.424	-0.741	-1.028	-1.081
	0.0048	6.61e+06	-1.678	-0.385	0.177	0.049	-0.135	-0.340	-0.680	-0.995	-1.050
	0.0048	6.76e+06	-1.633	-0.337	0.264	0.156	-0.024	-0.231	-0.591	-0.940	-0.999
	0.0048	6.92e+06	-1.588	-0.307	0.321	0.250	0.089	-0.105	-0.465	-0.834	-0.896
	0.0048	7.08e+06	-1.554	-0.277	0.369	0.313	0.152	-0.049	-0.447	-0.865	-0.934
	0.0048	7.24e+06	-1.518	-0.242	0.422	0.382	0.221	0.013	-0.425	-0.898	-0.979
	0.0048	7.41e+06	-1.481	-0.207	0.477	0.455	0.295	0.079	-0.400	-0.933	-1.027
	0.0048	7.59e+06	-1.444	-0.186	0.503	0.499	0.353	0.147	-0.323	-0.866	-0.965
	0.0048	7.76e+06	-1.410	-0.169	0.514	0.506	0.367	0.174	-0.256	-0.754	-0.843
	0.0048	7.94e+06	-1.376	-0.151	0.525	0.515	0.383	0.202	-0.192	-0.654	-0.736
	0.0048	8.13e+06	-1.341	-0.134	0.535	0.528	0.405	0.237	-0.123	-0.558	-0.637
	0.0048	8.32e+06	-1.306	-0.117	0.546	0.544	0.431	0.278	-0.053	-0.466	-0.543
	0.0048	8.51e+06	-1.270	-0.093	0.572	0.577	0.475	0.334	0.025	-0.374	-0.449
	0.0048	8.71e+06	-1.233	-0.072	0.584	0.598	0.507	0.378	0.090	-0.297	-0.371
	0.0048	8.91e+06	-1.195	-0.048	0.601	0.624	0.542	0.424	0.151	-0.227	-0.300
	0.0048	9.12e+06	-1.157	-0.022	0.621	0.639	0.558	0.446	0.204	-0.122	-0.181
	0.0048	9.33e+06	-1.120	0.010	0.651	0.670	0.587	0.472	0.217	-0.123	-0.185
	0.0048	9.55e+06	-1.081	0.045	0.686	0.702	0.616	0.495	0.226	-0.130	-0.196
	0.0048	9.77e+06	-1.042	0.083	0.726	0.739	0.646	0.518	0.229	-0.144	-0.215
	0.0048	1.00e+07	-1.001	0.130	0.790	0.807	0.712	0.578	0.268	-0.132	-0.209
	0.0048	1.02e+07	-0.958	0.187	0.864	0.883	0.782	0.637	0.297	-0.136	-0.219
	0.0048	1.05e+07	-0.915	0.247	0.957	0.985	0.883	0.731	0.366	-0.100	-0.189
	0.0048	1.07e+07	-0.878	0.279	0.996	1.021	0.924	0.787	0.478	0.087	0.022
	0.0048	1.10e+07	-0.845	0.305	1.026	1.057	0.969	0.846	0.562	0.190	0.127
	0.0048	1.12e+07	-0.811	0.330	1.054	1.106	1.035	0.927	0.650	0.259	0.186
	0.0048	1.15e+07	-0.775	0.361	1.094	1.164	1.108	1.013	0.750	0.352	0.276
	0.0048	1.17e+07	-0.738	0.401	1.149	1.227	1.172	1.075	0.794	0.370	0.288
	0.0048	1.20e+07	-0.701	0.447	1.213	1.296	1.239	1.135	0.826	0.372	0.284
	0.0048	1.23e+07	-0.667	0.482	1.252	1.334	1.271	1.159	0.828	0.358	0.267
	0.0048	1.26e+07	-0.634	0.518	1.293	1.372	1.302	1.177	0.819	0.326	0.231
	0.0048	1.29e+07	-0.600	0.555	1.334	1.410	1.331	1.195	0.807	0.293	0.194
	0.0048	1.32e+07	-0.566	0.593	1.376	1.448	1.360	1.211	0.796	0.261	0.159
	0.0048	1.35e+07	-0.531	0.629	1.419	1.494	1.408	1.259	0.842	0.303	0.201
	0.0048	1.38e+07	-0.495	0.670	1.460	1.527	1.430	1.267	0.824	0.270	0.164
	0.0048	1.41e+07	-0.458	0.708	1.495	1.555	1.447	1.271	0.803	0.237	0.130
	0.0048	1.45e+07	-0.427	0.731	1.508	1.562	1.446	1.262	0.782	0.209	0.101
	0.0048	1.48e+07	-0.397	0.752	1.517	1.563	1.440	1.247	0.752	0.173	0.064
	0.0048	1.51e+07	-0.367	0.774	1.527	1.565	1.434	1.232	0.725	0.140	0.030
	0.0048	1.55e+07	-0.337	0.796	1.536	1.566	1.428	1.218	0.698	0.108	-0.003
	0.0048	1.58e+07	-0.306	0.819	1.545	1.568	1.422	1.204	0.673	0.077	-0.034
	0.0048	1.62e+07	-0.275	0.844	1.556	1.571	1.418	1.191	0.650	0.050	-0.062
	0.0048	1.66e+07	-0.244	0.869	1.567	1.574	1.415	1.182	0.632	0.029	-0.082
	0.0048	1.70e+07	-0.213	0.895	1.581	1.580	1.414	1.174	0.615	0.010	-0.102
	0.0048	1.74e+07	-0.181	0.917	1.586	1.578	1.406	1.161	0.597	-0.011	-0.123
	0.0048	1.78e+07	-0.149	0.937	1.583	1.568	1.391	1.142	0.575	-0.032	-0.144
	0.0048	1.82e+07	-0.117	0.956	1.586	1.559	1.376	1.123	0.552	-0.054	-0.165
	0.0048	1.86e+07	-0.085	0.981	1.585	1.550	1.362	1.104	0.530	-0.076	-0.187
	0.0048	1.91e+07	-0.052	1.013	1.587	1.543	1.350	1.087	0.509	-0.096	-0.207
	0.0048	1.95e+07	-0.019	1.049	1.592	1.539	1.343	1.076	0.494	-0.108	-0.218
	0.0048	2.00e+07	0.017	1.082	1.606	1.549	1.355	1.094	0.523	-0.069	-0.177
	0.0048	2.04e+07	0.054	1.151	1.667	1.580	1.366	1.089	0.510	-0.076	-0.182
	0.0048	2.09e+07	0.092	1.244	1.775	1.642	1.393	1.087	0.479	-0.115	-0.221
	0.0048	2.14e+07	0.122	1.300	1.847	1.675	1.402	1.080	0.461	-0.132	-0.236
	0.0048	2.19e+07	0.151	1.359	1.933	1.719	1.415	1.072	0.435	-0.163	-0.267
	0.0048	2.24e+07	0.181	1.419	2.017	1.773	1.440	1.073	0.410	-0.201	-0.304
	0.0048	2.29e+07	0.211	1.473	2.094	1.837	1.481	1.091	0.395	-0.235	-0.339
	0.0048	2.34e+07	0.241	1.515	2.159	1.911	1.538	1.127	0.388	-0.272	-0.378
	0.0048	2.40e+07	0.272	1.543	2.202	1.973	1.593	1.169	0.396	-0.291	-0.403
	0.0048	2.45e+07	0.301	1.561	2.208	1.972	1.598	1.182	0.426	-0.249	-0.358
	0.0048	2.51e+07	0.329	1.577	2.208	1.965	1.598	1.192	0.456	-0.205	-0.310
	0.0048	2.57e+07	0.358	1.590	2.206	1.960	1.601	1.204	0.488	-0.161	-0.265
	0.0048	2.63e+07	0.386	1.600	2.202	1.957	1.607	1.220	0.521	-0.118	-0.220
	0.0048	2.69e+07	0.415	1.609	2.196	1.956	1.616	1.239	0.555	-0.076	-0.178
	0.0048	2.75e+07	0.444	1.616	2.190	1.958	1.628	1.261	0.589	-0.035	-0.136
	0.0048	2.82e+07	0.474	1.624	2.182	1.960	1.642	1.285	0.624	0.005	-0.095
	0.0048	2.88e+07	0.503	1.632	2.173	1.965	1.659	1.311	0.659	0.043	-0.056
	0.0048	2.95e+07	0.533	1.640	2.166	1.974	1.681	1.343	0.701	0.089	-0.009
	0.0048	3.02e+07	0.565	1.646	2.160	1.991	1.715	1.390	0.763	0.157	0.060
	0.0048	3.09e+07	0.597	1.653	2.159	2.010	1.749	1.436	0.822	0.220	0.124
	0.0048	3.16e+07	0.630	1.678	2.188	2.043	1.785	1.475	0.865	0.264	0.169
	0.0048	3.24e+07	0.657	1.692	2.194	2.051	1.798	1.494	0.894	0.301	0.208
	0.0048	3.31e+07	0.684	1.705	2.200	2.058	1.809	1.509	0.919	0.330	0.238
	0.0048	3.39e+07	0.710	1.718	2.204	2.065	1.820	1.526	0.943	0.360	0.269
	0.0048	3.47e+07	0.737	1.731	2.209	2.073	1.833	1.543	0.968	0.389	0.299
	0.0048	3.55e+07	0.763	1.743	2.213	2.081	1.846	1.561	0.993	0.418	0.329
	0.0048	3.63e+07	0.790	1.756	2.217	2.090	1.860	1.581	1.019	0.447	0.359
	0.0048	3.72e+07	0.818	1.766	2.221	2.103	1.883	1.611	1.062	0.495	0.409
	0.0048	3.80e+07	0.846	1.776	2.226	2.117	1.905	1.641	1.101	0.540	0.454
	0.0048	3.89e+07	0.874	1.794	2.241	2.135	1.927	1.668	1.136	0.580	0.495
	0.0048	3.98e+07	0.903	1.815	2.262	2.157	1.950	1.692	1.163	0.607	0.523
	0.0048	4.07e+07	0.931	1.838	2.282	2.175	1.968	1.710	1.182	0.628	0.545
	0.0048	4.17e+07	0.958	1.860	2.303	2.194	1.987	1.729	1.202	0.649	0.566
	0.0048	4.27e+07	0.986	1.883	2.323	2.213	2.005	1.747	1.222	0.670	0.587
	0.0048	4.37e+07	1.014	1.905	2.343	2.232	2.024	1.766	1.242	0.690	0.609
	0.0048	4.47e+07	1.042	1.928	2.364	2.251	2.042	1.785	1.262	0.711	0.630
	0.0048	4.57e+07	1.070	1.951	2.385	2.270	2.061	1.804	1.282	0.732	0.651
	0.0048	4.68e+07	1.098	1.974	2.405	2.289	2.080	1.823	1.302	0.753	0.673
	0.0048	4.79e+07	1.128	1.996	2.426	2.311	2.104	1.849	1.333	0.787	0.708
	0.0048	4.90e+07	1.157	2.017	2.447	2.333	2.128	1.876	1.364	0.820	0.742
	0.0048	5.01e+07	1.187	2.042	2.472	2.358	2.153	1.901	1.390	0.847	0.769
	0.0048	5.13e+07	1.216	2.064	2.493	2.380	2.177	1.927	1.420	0.879	0.802
	0.0048	5.25e+07	1.241	2.080	2.504	2.391	2.189	1.941	1.437	0.899	0.823
	0.0048	5.37e+07	1.265	2.096	2.514	2.402	2.201	1.955	1.455	0.920	0.844
	0.0048	5.50e+07	1.291	2.112	2.525	2.413	2.213	1.969	1.472	0.939	0.864
	0.0048	5.62e+07	1.315	2.128	2.536	2.424	2.226	1.983	1.489	0.959	0.885
	0.0048	5.75e+07	1.341	2.144	2.547	2.436	2.241	2.001	1.513	0.987	0.913
	0.0048	5.89e+07	1.367	2.160	2.559	2.449	2.256	2.018	1.535	1.012	0.939
	0.0048	6.03e+07	1.393	2.177	2.573	2.463	2.272	2.037	1.558	1.039	0.967
	0.0048	6.17e+07	1.420	2.196	2.588	2.480	2.291	2.057	1.583	1.067	0.995
	0.0048	6.31e+07	1.446	2.216	2.605	2.496	2.308	2.076	1.604	1.090	1.019
	0.0048	6.46e+07	1.473	2.237	2.624	2.515	2.326	2.094	1.623	1.110	1.038
	0.0048	6.61e+07	1.499	2.256	2.640	2.531	2.343	2.113	1.645	1.135	1.064
	0.0048	6.76e+07	1.524	2.273	2.652	2.542	2.355	2.126	1.661	1.152	1.082
	0.0048	6.92e+07	1.549	2.293	2.669	2.557	2.369	2.139	1.675	1.168	1.098
	0.0048	7.08e+07	1.574	2.315	2.687	2.572	2.383	2.153	1.689	1.183	1.113
	0.0048	7.24e+07	1.600	2.338	2.707	2.589	2.398	2.166	1.701	1.196	1.126
	0.0048	7.41e+07	1.626	2.361	2.727	2.606	2.413	2.180	1.715	1.211	1.141
	0.0048	7.59e+07	1.652	2.381	2.745	2.623	2.430	2.198	1.735	1.233	1.164
	0.0048	7.76e+07	1.677	2.400	2.760	2.637	2.445	2.213	1.752	1.251	1.181
	0.0048	7.94e+07	1.703	2.419	2.776	2.652	2.461	2.229	1.768	1.268	1.198
	0.0048	8.13e+07	1.728	2.439	2.793	2.669	2.477	2.246	1.786	1.287	1.217
	0.0048	8.32e+07	1.753	2.458	2.809	2.684	2.493	2.261	1.801	1.302	1.231
	0.0048	8.51e+07	1.777	2.477	2.825	2.700	2.508	2.276	1.815	1.315	1.244
	0.0048	8.71e+07	1.802	2.498	2.844	2.716	2.523	2.290	1.828	1.327	1.255
	0.0048	8.91e+07	1.827	2.516	2.858	2.731	2.540	2.309	1.850	1.351	1.279
	0.0048	9.12e+07	1.852	2.532	2.870	2.744	2.554	2.324	1.867	1.371	1.299
	0.0048	9.33e+07	1.876	2.550	2.883	2.758	2.569	2.341	1.886	1.392	1.320
	0.0048	9.55e+07	1.901	2.568	2.898	2.772	2.585	2.357	1.905	1.412	1.340
	0.0048	9.77e+07	1.926	2.586	2.912	2.787	2.601	2.374	1.925	1.434	1.363
	0.0048	1.00e+08	1.951	2.604	2.927	2.802	2.616	2.390	1.943	1.454	1.382
	0.0048	1.02e+08	1.976	2.623	2.942	2.817	2.632	2.407	1.961	1.474	1.402
	0.0048	1.05e+08	2.001	2.642	2.958	2.833	2.649	2.425	1.981	1.496	1.424
	0.0048	1.07e+08	2.027	2.661	2.974	2.849	2.665	2.442	2.001	1.517	1.445
	0.0048	1.10e+08	2.052	2.680	2.990	2.864	2.682	2.459	2.019	1.536	1.465
	0.0048	1.12e+08	2.077	2.700	3.006	2.881	2.698	2.476	2.037	1.556	1.484
	0.0048	1.15e+08	2.103	2.720	3.023	2.897	2.715	2.494	2.056	1.577	1.505
	0.0048	1.17e+08	2.128	2.739	3.039	2.912	2.731	2.511	2.077	1.600	1.528
	0.0048	1.20e+08	2.152	2.758	3.054	2.927	2.747	2.528	2.095	1.619	1.548
	0.0048	1.23e+08	2.177	2.778	3.071	2.943	2.763	2.544	2.113	1.639	1.567
	0.0048	1.26e+08	2.203	2.798	3.088	2.959	2.779	2.560	2.129	1.657	1.585
	0.0048	1.29e+08	2.228	2.816	3.102	2.973	2.794	2.577	2.151	1.682	1.611
	0.0048	1.32e+08	2.251	2.835	3.116	2.986	2.807	2.590	2.166	1.699	1.628
	0.0048	1.35e+08	2.275	2.854	3.131	2.999	2.820	2.604	2.180	1.715	1.644
	0.0048	1.38e+08	2.299	2.874	3.147	3.014	2.834	2.617	2.193	1.729	1.658
	0.0048	1.41e+08	2.322	2.894	3.164	3.028	2.847	2.630	2.206	1.743	1.672
	0.0048	1.45e+08	2.347	2.914	3.181	3.044	2.863	2.645	2.223	1.761	1.690
	0.0048	1.48e+08	2.371	2.935	3.198	3.059	2.877	2.659	2.238	1.776	1.705
	0.0048	1.51e+08	2.396	2.956	3.216	3.075	2.893	2.675	2.253	1.793	1.721
	0.0048	1.55e+08	2.421	2.977	3.235	3.092	2.908	2.689	2.267	1.807	1.735
	0.0048	1.59e+08	2.446	2.999	3.254	3.108	2.925	2.705	2.285	1.826	1.754
	0.0048	1.62e+08	2.471	3.019	3.271	3.124	2.940	2.721	2.301	1.843	1.771
	0.0048	1.66e+08	2.495	3.040	3.289	3.140	2.955	2.735	2.316	1.859	1.787
	0.0048	1.70e+08	2.519	3.062	3.308	3.157	2.971	2.750	2.330	1.873	1.800
	0.0048	1.74e+08	2.544	3.084	3.328	3.174	2.987	2.765	2.344	1.887	1.815
	0.0048	1.78e+08	2.570	3.105	3.346	3.191	3.004	2.782	2.365	1.911	1.840
	0.0048	1.82e+08	2.593	3.125	3.363	3.206	3.018	2.796	2.378	1.926	1.854
	0.0048	1.86e+08	2.617	3.146	3.380	3.220	3.031	2.809	2.391	1.941	1.869
	0.0048	1.91e+08	2.640	3.168	3.399	3.236	3.045	2.821	2.402	1.951	1.879
	0.0048	1.95e+08	2.665	3.192	3.420	3.254	3.061	2.834	2.413	1.962	1.889
	0.0048	2.00e+08	2.689	3.215	3.440	3.271	3.077	2.849	2.427	1.976	1.904
	0.0048	2.04e+08	2.714	3.237	3.459	3.288	3.092	2.863	2.441	1.991	1.918
	0.0048	2.09e+08	2.737	3.259	3.477	3.304	3.106	2.876	2.453	2.003	1.930
	0.0048	2.14e+08	2.760	3.281	3.496	3.320	3.120	2.888	2.464	2.013	1.940
	0.0048	2.19e+08	2.784	3.304	3.515	3.336	3.135	2.902	2.475	2.024	1.951
	0.0048	2.24e+08	2.808	3.327	3.535	3.354	3.151	2.916	2.488	2.035	1.962
	0.0048	2.29e+08	2.832	3.350	3.554	3.371	3.167	2.931	2.503	2.051	1.977
	0.0048	2.34e+08	2.856	3.373	3.572	3.388	3.182	2.945	2.515	2.062	1.988
	0.0048	2.40e+08	2.879	3.396	3.591	3.404	3.198	2.959	2.528	2.074	2.000
	0.0048	2.45e+08	2.903	3.419	3.610	3.421	3.213	2.973	2.540	2.085	2.011
	0.0048	2.51e+08	2.927	3.443	3.630	3.439	3.230	2.988	2.552	2.096	2.022
	0.0048	2.57e+08	2.951	3.467	3.649	3.456	3.246	3.003	2.566	2.109	2.034
	0.0048	2.63e+08	2.975	3.490	3.667	3.473	3.262	3.018	2.580	2.122	2.047
	0.0048	2.69e+08	3.000	3.513	3.685	3.489	3.278	3.035	2.598	2.142	2.068
	0.0048	2.75e+08	3.024	3.535	3.702	3.505	3.294	3.050	2.613	2.158	2.083
	0.0048	2.82e+08	3.047	3.557	3.719	3.521	3.309	3.064	2.626	2.171	2.097
	0.0048	2.88e+08	3.071	3.580	3.738	3.538	3.326	3.080	2.641	2.184	2.110
	0.0048	2.95e+08	3.095	3.604	3.757	3.556	3.342	3.096	2.655	2.198	2.123
	0.0048	3.02e+08	3.119	3.629	3.776	3.574	3.360	3.112	2.669	2.211	2.136
	0.0048	3.09e+08	3.145	3.653	3.795	3.592	3.379	3.132	2.690	2.232	2.157
	0.0048	3.16e+08	3.169	3.676	3.813	3.609	3.395	3.147	2.706	2.250	2.175
	0.0048	3.24e+08	3.194	3.699	3.831	3.626	3.412	3.165	2.724	2.269	2.194
	0.0048	3.31e+08	3.217	3.722	3.849	3.642	3.428	3.181	2.739	2.285	2.210
	0.0048	3.39e+08	3.242	3.747	3.869	3.661	3.447	3.199	2.757	2.301	2.227
	0.0048	3.47e+08	3.267	3.771	3.888	3.679	3.464	3.216	2.774	2.319	2.245
	0.0048	3.55e+08	3.292	3.794	3.906	3.697	3.482	3.234	2.792	2.337	2.263
	0.0048	3.63e+08	3.317	3.818	3.925	3.715	3.500	3.253	2.811	2.357	2.283
	0.0048	3.72e+08	3.344	3.841	3.943	3.733	3.519	3.273	2.836	2.386	2.314
	0.0048	3.80e+08	3.368	3.864	3.960	3.748	3.535	3.289	2.853	2.405	2.333
	0.0048	3.89e+08	3.391	3.887	3.978	3.764	3.550	3.305	2.869	2.423	2.352
	0.0048	3.98e+08	3.415	3.910	3.995	3.780	3.566	3.320	2.886	2.442	2.371
	0.0048	4.07e+08	3.439	3.933	4.013	3.796	3.581	3.336	2.902	2.459	2.389
	0.0048	4.17e+08	3.463	3.957	4.032	3.813	3.598	3.352	2.919	2.478	2.408
	0.0048	4.27e+08	3.487	3.981	4.050	3.830	3.614	3.369	2.937	2.497	2.428
	0.0048	4.37e+08	3.511	4.004	4.068	3.846	3.630	3.385	2.954	2.516	2.448
	0.0048	4.47e+08	3.536	4.028	4.087	3.863	3.647	3.402	2.972	2.535	2.467
	0.0048	4.57e+08	3.560	4.053	4.106	3.880	3.664	3.419	2.989	2.554	2.486
	0.0048	4.68e+08	3.584	4.077	4.125	3.898	3.680	3.436	3.007	2.573	2.505
	0.0048	4.79e+08	3.609	4.102	4.144	3.915	3.698	3.453	3.025	2.593	2.526
	0.0048	4.90e+08	3.634	4.127	4.164	3.933	3.715	3.471	3.043	2.612	2.546
	0.0048	5.01e+08	3.659	4.152	4.183	3.951	3.732	3.488	3.062	2.634	2.568
	0.0048	5.13e+08	3.682	4.176	4.202	3.967	3.747	3.502	3.076	2.648	2.582
	0.0048	5.25e+08	3.705	4.202	4.222	3.984	3.763	3.517	3.090	2.662	2.596
	0.0048	5.37e+08	3.728	4.227	4.243	4.001	3.778	3.532	3.104	2.676	2.611
	0.0048	5.50e+08	3.752	4.253	4.263	4.018	3.794	3.546	3.118	2.691	2.626
	0.0048	5.62e+08	3.775	4.279	4.283	4.035	3.809	3.560	3.131	2.705	2.639
	0.0048	5.76e+08	3.797	4.304	4.304	4.052	3.825	3.575	3.145	2.719	2.654
	0.0048	5.89e+08	3.821	4.329	4.324	4.069	3.842	3.591	3.161	2.736	2.671
	0.0048	6.03e+08	3.843	4.354	4.344	4.086	3.857	3.606	3.176	2.751	2.686
	0.0048	6.17e+08	3.864	4.379	4.364	4.102	3.871	3.618	3.185	2.759	2.694
	0.0048	6.31e+08	3.888	4.404	4.385	4.120	3.888	3.634	3.202	2.777	2.713
	0.0048	6.46e+08	3.912	4.430	4.407	4.138	3.905	3.651	3.219	2.796	2.732
	0.0048	6.61e+08	3.936	4.456	4.429	4.157	3.923	3.669	3.237	2.815	2.752
	0.0048	6.76e+08	3.961	4.482	4.451	4.176	3.941	3.686	3.255	2.834	2.771
	0.0048	6.92e+08	3.985	4.508	4.473	4.196	3.959	3.704	3.273	2.853	2.790
	0.0048	7.08e+08	4.011	4.534	4.495	4.216	3.979	3.724	3.296	2.881	2.819
	0.0048	7.25e+08	4.034	4.559	4.517	4.233	3.995	3.740	3.312	2.899	2.837
	0.0048	7.41e+08	4.057	4.584	4.539	4.251	4.011	3.755	3.327	2.916	2.855
	0.0048	7.59e+08	4.080	4.609	4.560	4.268	4.027	3.770	3.344	2.934	2.874
	0.0048	7.76e+08	4.103	4.634	4.582	4.286	4.043	3.785	3.360	2.952	2.892
	0.0048	7.94e+08	4.123	4.659	4.604	4.303	4.058	3.798	3.371	2.963	2.904
	0.0048	8.13e+08	4.146	4.685	4.627	4.322	4.074	3.814	3.386	2.978	2.919
	0.0048	8.32e+08	4.168	4.711	4.650	4.341	4.091	3.829	3.400	2.993	2.934
	0.0048	8.51e+08	4.190	4.736	4.673	4.359	4.108	3.845	3.416	3.010	2.951
	0.0048	8.71e+08	4.214	4.762	4.696	4.378	4.126	3.862	3.434	3.031	2.973
	0.0048	8.91e+08	4.237	4.787	4.720	4.397	4.143	3.878	3.452	3.051	2.993
	0.0048	9.12e+08	4.263	4.812	4.744	4.418	4.162	3.897	3.473	3.077	3.020
	0.0048	9.33e+08	4.283	4.837	4.767	4.435	4.177	3.910	3.485	3.090	3.033
	0.0048	9.55e+08	4.303	4.862	4.790	4.452	4.191	3.923	3.497	3.103	3.046
	0.0048	9.77e+08	4.318	4.887	4.813	4.468	4.202	3.930	3.500	3.101	3.045
	0.0048	1.00e+09	4.337	4.912	4.836	4.486	4.217	3.942	3.509	3.109	3.052
	0.0048	1.02e+09	4.355	4.938	4.861	4.503	4.230	3.953	3.517	3.114	3.057
	0.0048	1.05e+09	4.374	4.964	4.886	4.522	4.245	3.964	3.525	3.120	3.063
	0.0048	1.07e+09	4.400	4.992	4.913	4.545	4.267	3.986	3.547	3.146	3.090
	0.0048	1.10e+09	4.429	5.020	4.942	4.570	4.291	4.010	3.575	3.178	3.122
	0.0048	1.12e+09	4.451	5.046	4.968	4.590	4.308	4.026	3.590	3.193	3.137
	0.0048	1.15e+09	4.469	5.071	4.993	4.609	4.323	4.037	3.597	3.198	3.142
	0.0048	1.18e+09	4.487	5.097	5.018	4.628	4.338	4.049	3.606	3.204	3.147
	0.0048	1.20e+09	4.504	5.121	5.043	4.646	4.352	4.060	3.613	3.208	3.152
	0.0048	1.23e+09	4.521	5.146	5.068	4.664	4.366	4.071	3.621	3.215	3.158
	0.0048	1.26e+09	4.538	5.171	5.094	4.682	4.380	4.082	3.629	3.221	3.163
	0.0048	1.29e+09	4.552	5.196	5.118	4.698	4.391	4.090	3.632	3.221	3.163
	0.0048	1.32e+09	4.544	5.215	5.132	4.697	4.380	4.070	3.602	3.182	3.124
	0.0048	1.35e+09	4.532	5.231	5.144	4.693	4.365	4.047	3.567	3.137	3.078
	0.0048	1.38e+09	4.508	5.246	5.152	4.682	4.341	4.013	3.515	3.069	3.009
	0.0048	1.41e+09	4.481	5.263	5.161	4.672	4.317	3.976	3.457	2.993	2.930
	0.0048	1.45e+09	4.474	5.277	5.173	4.671	4.308	3.961	3.435	2.964	2.900
	0.0048	1.48e+09	4.450	5.287	5.177	4.657	4.283	3.927	3.388	2.907	2.842
	0.0048	1.51e+09	4.437	5.301	5.186	4.652	4.270	3.907	3.359	2.871	2.806
	0.0048	1.55e+09	3.500	5.276	4.946	4.116	3.508	2.950	2.104	1.376	1.265
	0.0048	1.59e+09	4.668	5.504	5.406	4.897	4.521	4.159	3.601	3.092	3.022
	0.0048	1.62e+09	4.676	5.530	5.431	4.912	4.530	4.163	3.597	3.082	3.011
	0.0048	1.66e+09	4.683	5.555	5.455	4.927	4.538	4.165	3.591	3.070	2.997
	0.0048	1.70e+09	4.691	5.583	5.481	4.943	4.547	4.169	3.587	3.059	2.985
	0.0048	1.74e+09	4.706	5.612	5.510	4.964	4.563	4.181	3.593	3.060	2.985
	0.0048	1.78e+09	4.722	5.641	5.539	4.986	4.580	4.193	3.600	3.062	2.986
	0.0048	1.82e+09	4.740	5.671	5.569	5.010	4.599	4.209	3.611	3.069	2.993
	0.0048	1.86e+09	4.758	5.700	5.598	5.033	4.618	4.224	3.621	3.076	2.999
	0.0048	1.91e+09	4.773	5.729	5.627	5.054	4.635	4.237	3.629	3.080	3.002
	0.0048	1.95e+09	4.789	5.759	5.656	5.076	4.652	4.250	3.636	3.083	3.004
	0.0048	2.00e+09	4.807	5.790	5.687	5.100	4.671	4.265	3.646	3.088	3.009
	0.0048	2.04e+09	4.830	5.822	5.720	5.128	4.695	4.286	3.664	3.103	3.022
	0.0048	2.09e+09	4.852	5.855	5.753	5.155	4.718	4.306	3.679	3.115	3.033
	0.0048	2.14e+09	4.876	5.885	5.784	5.182	4.743	4.328	3.699	3.133	3.051
	0.0048	2.19e+09	4.890	5.914	5.812	5.202	4.758	4.340	3.706	3.137	3.054
	0.0048	2.24e+09	4.906	5.943	5.840	5.223	4.775	4.353	3.715	3.142	3.059
	0.0048	2.29e+09	4.923	5.973	5.869	5.245	4.793	4.368	3.725	3.149	3.065
	0.0048	2.34e+09	4.940	6.001	5.896	5.267	4.811	4.383	3.737	3.159	3.074
	0.0048	2.40e+09	4.956	6.030	5.924	5.287	4.827	4.396	3.746	3.166	3.080
	0.0048	2.46e+09	4.965	6.057	5.947	5.302	4.837	4.402	3.748	3.164	3.078
	0.0048	2.51e+09	4.955	6.081	5.963	5.304	4.830	4.389	3.725	3.134	3.047
	0.0048	2.57e+09	4.965	6.109	5.987	5.319	4.841	4.396	3.728	3.134	3.046
	0.0048	2.63e+09	4.978	6.137	6.011	5.337	4.855	4.407	3.735	3.139	3.051
	0.0048	2.69e+09	4.991	6.167	6.037	5.354	4.869	4.418	3.742	3.144	3.056
	0.0048	2.75e+09	5.002	6.195	6.060	5.370	4.880	4.426	3.747	3.146	3.057
	0.0048	2.82e+09	5.008	6.222	6.081	5.383	4.888	4.430	3.746	3.143	3.054
	0.0048	2.88e+09	5.016	6.245	6.099	5.394	4.896	4.436	3.749	3.144	3.054
	0.0048	2.95e+09	5.027	6.273	6.123	5.412	4.910	4.447	3.755	3.147	3.056
	0.0048	3.02e+09	5.047	6.299	6.148	5.434	4.931	4.465	3.772	3.161	3.070
	0.0048	3.09e+09	5.098	6.334	6.187	5.479	4.979	4.517	3.828	3.223	3.132
	0.0048	3.16e+09	5.129	6.364	6.219	5.511	5.011	4.548	3.860	3.254	3.163
	0.0048	3.24e+09	5.142	6.382	6.235	5.526	5.025	4.561	3.871	3.264	3.173
	0.0048	3.31e+09	5.155	6.397	6.250	5.540	5.039	4.574	3.883	3.275	3.183
	0.0048	3.39e+09	5.171	6.424	6.274	5.560	5.056	4.589	3.896	3.286	3.194
	0.0048	3.47e+09	5.193	6.454	6.303	5.585	5.079	4.611	3.914	3.302	3.209
	0.0048	3.55e+09	5.214	6.481	6.329	5.608	5.101	4.631	3.933	3.321	3.228
	0.0048	3.63e+09	5.229	6.507	6.352	5.627	5.118	4.645	3.945	3.331	3.237
	0.0048	3.72e+09	5.247	6.532	6.375	5.647	5.136	4.662	3.960	3.346	3.251
	0.0048	3.80e+09	5.265	6.559	6.399	5.667	5.154	4.679	3.975	3.358	3.264
	0.0048	3.89e+09	5.282	6.584	6.422	5.687	5.172	4.696	3.990	3.373	3.278
	0.0048	3.98e+09	5.301	6.610	6.446	5.709	5.192	4.714	4.006	3.387	3.292
	0.0048	4.07e+09	5.320	6.637	6.472	5.731	5.213	4.732	4.022	3.402	3.306
	0.0048	4.17e+09	5.353	6.669	6.506	5.765	5.247	4.766	4.055	3.434	3.338
	0.0048	4.27e+09	5.388	6.694	6.533	5.794	5.278	4.800	4.093	3.477	3.381
	0.0048	4.37e+09	5.421	6.731	6.570	5.830	5.313	4.833	4.125	3.506	3.410
	0.0048	4.47e+09	5.444	6.756	6.594	5.853	5.335	4.855	4.147	3.530	3.433
	0.0048	4.57e+09	5.459	6.781	6.616	5.872	5.352	4.869	4.159	3.539	3.442
	0.0048	4.68e+09	5.479	6.806	6.640	5.893	5.372	4.889	4.178	3.558	3.461
	0.0048	4.79e+09	5.499	6.833	6.665	5.916	5.393	4.908	4.195	3.573	3.476
	0.0048	4.90e+09	5.533	6.863	6.697	5.948	5.426	4.942	4.230	3.610	3.513
	0.0048	5.01e+09	5.555	6.892	6.724	5.973	5.450	4.964	4.250	3.629	3.531
	0.0048	5.13e+09	5.575	6.917	6.748	5.995	5.470	4.984	4.269	3.647	3.549
	0.0048	5.25e+09	5.592	6.943	6.771	6.014	5.488	4.999	4.282	3.660	3.561
	0.0048	5.37e+09	5.608	6.969	6.794	6.034	5.506	5.016	4.296	3.671	3.572
	0.0048	5.50e+09	5.627	6.994	6.817	6.054	5.525	5.033	4.313	3.687	3.588
	0.0048	5.62e+09	5.646	7.019	6.839	6.074	5.543	5.051	4.330	3.705	3.606
	0.0048	5.76e+09	5.659	7.044	6.861	6.092	5.559	5.064	4.340	3.712	3.612
	0.0048	5.89e+09	5.670	7.070	6.882	6.109	5.573	5.076	4.348	3.718	3.616
	0.0048	6.03e+09	5.690	7.095	6.905	6.130	5.593	5.094	4.365	3.735	3.633
	0.0048	6.17e+09	5.708	7.121	6.928	6.149	5.611	5.112	4.382	3.752	3.650
	0.0048	6.31e+09	5.725	7.147	6.951	6.170	5.630	5.129	4.397	3.764	3.662
	0.0048	6.46e+09	5.742	7.173	6.974	6.190	5.649	5.146	4.411	3.777	3.674
	0.0048	6.61e+09	5.757	7.199	6.997	6.209	5.665	5.160	4.423	3.788	3.685
	0.0048	6.76e+09	5.781	7.226	7.022	6.232	5.688	5.183	4.447	3.812	3.709
	0.0048	6.92e+09	5.795	7.252	7.044	6.251	5.704	5.197	4.458	3.821	3.717
	0.0048	7.08e+09	5.815	7.279	7.067	6.271	5.723	5.216	4.476	3.840	3.736
	0.0048	7.25e+09	5.835	7.307	7.092	6.293	5.744	5.235	4.494	3.857	3.752
	0.0048	7.41e+09	5.853	7.334	7.116	6.315	5.764	5.253	4.511	3.873	3.768
	0.0048	7.59e+09	5.871	7.360	7.139	6.335	5.782	5.270	4.526	3.887	3.781
	0.0048	7.76e+09	5.885	7.384	7.159	6.352	5.798	5.284	4.538	3.898	3.792
	0.0048	7.94e+09	5.904	7.410	7.181	6.372	5.817	5.303	4.556	3.916	3.810
	0.0048	8.13e+09	5.915	7.435	7.202	6.389	5.831	5.314	4.562	3.919	3.812
	0.0048	8.32e+09	5.932	7.460	7.224	6.408	5.849	5.330	4.577	3.933	3.826
	0.0048	8.51e+09	5.948	7.485	7.245	6.427	5.866	5.346	4.592	3.948	3.840
	0.0048	8.71e+09	5.967	7.511	7.268	6.447	5.885	5.364	4.609	3.964	3.856
	0.0048	8.91e+09	5.980	7.537	7.289	6.465	5.900	5.377	4.619	3.972	3.864
	0.0048	9.12e+09	5.996	7.563	7.312	6.485	5.919	5.393	4.633	3.986	3.876
	0.0048	9.33e+09	6.014	7.589	7.334	6.504	5.937	5.411	4.650	4.001	3.892
	0.0048	9.55e+09	6.029	7.616	7.356	6.523	5.954	5.425	4.662	4.011	3.902
	0.0048	9.77e+09	6.046	7.642	7.379	6.543	5.972	5.442	4.677	4.027	3.916
	0.0048	1.00e+10	6.063	7.669	7.402	6.563	5.990	5.459	4.691	4.039	3.928
	0.0048	1.02e+10	6.080	7.696	7.424	6.583	6.009	5.476	4.707	4.053	3.942
	0.0048	1.05e+10	6.097	7.722	7.446	6.603	6.027	5.492	4.722	4.068	3.956
	0.0048	1.07e+10	6.117	7.749	7.470	6.623	6.047	5.512	4.741	4.087	3.975
	0.0048	1.10e+10	6.131	7.775	7.491	6.642	6.063	5.526	4.752	4.096	3.984
	0.0048	1.12e+10	6.146	7.802	7.514	6.661	6.081	5.541	4.764	4.107	3.994
	0.0048	1.15e+10	6.163	7.829	7.536	6.681	6.099	5.558	4.780	4.122	4.008
	0.0048	1.18e+10	6.178	7.856	7.558	6.700	6.116	5.572	4.791	4.132	4.017
	0.0048	1.20e+10	6.194	7.884	7.582	6.721	6.134	5.589	4.806	4.144	4.030
	0.0048	1.23e+10	6.214	7.913	7.607	6.744	6.156	5.609	4.824	4.162	4.047
	0.0048	1.26e+10	6.228	7.939	7.628	6.762	6.172	5.623	4.835	4.171	4.056
	0.0048	1.29e+10	6.243	7.965	7.650	6.781	6.190	5.639	4.848	4.183	4.067
	0.0048	1.32e+10	6.246	7.977	7.656	6.784	6.192	5.640	4.850	4.185	4.069
