#time[Gyr] acc[Msol]
0.000 36943.350
0.005 36943.350
0.010 36943.350
0.015 36924.575
0.020 36905.800
0.025 36882.925
0.030 36860.050
0.035 36833.300
0.040 36806.550
0.045 36776.200
0.050 36745.850
0.055 36712.100
0.060 36678.350
0.065 36641.425
0.070 36604.500
0.075 36564.600
0.080 36524.700
0.085 36482.000
0.090 36439.300
0.095 36394.000
0.100 36348.700
0.105 36300.975
0.110 36253.250
0.115 36203.225
0.120 36153.200
0.125 36101.075
0.130 36048.950
0.135 35994.825
0.140 35940.700
0.145 35884.725
0.150 35828.750
0.155 35771.025
0.160 35713.300
0.165 35654.000
0.170 35594.700
0.175 35533.900
0.180 35473.100
0.185 35410.925
0.190 35348.750
0.195 35285.275
0.200 35221.800
0.205 35157.150
0.210 35092.500
0.215 35026.775
0.220 34961.050
0.225 34894.300
0.230 34827.550
0.235 34759.850
0.240 34692.150
0.245 34623.625
0.250 34555.100
0.255 34485.800
0.260 34416.500
0.265 34346.475
0.270 34276.450
0.275 34205.800
0.280 34135.150
0.285 34063.900
0.290 33992.650
0.295 33920.900
0.300 33849.150
0.305 33776.925
0.310 33704.700
0.315 33632.025
0.320 33559.350
0.325 33486.325
0.330 33413.300
0.335 33339.950
0.340 33266.600
0.345 33192.975
0.350 33119.350
0.355 33045.475
0.360 32971.600
0.365 32897.550
0.370 32823.500
0.375 32749.250
0.380 32675.000
0.385 32600.650
0.390 32526.300
0.395 32451.850
0.400 32377.400
0.405 32302.900
0.410 32228.400
0.415 32153.850
0.420 32079.300
0.425 32004.725
0.430 31930.150
0.435 31855.625
0.440 31781.100
0.445 31706.600
0.450 31632.100
0.455 31557.675
0.460 31483.250
0.465 31408.925
0.470 31334.600
0.475 31260.375
0.480 31186.150
0.485 31112.050
0.490 31037.950
0.495 30964.000
0.500 30890.050
0.505 30816.275
0.510 30742.500
0.515 30668.900
0.520 30595.300
0.525 30521.900
0.530 30448.500
0.535 30375.300
0.540 30302.100
0.545 30229.150
0.550 30156.200
0.555 30083.450
0.560 30010.700
0.565 29938.225
0.570 29865.750
0.575 29793.550
0.580 29721.350
0.585 29649.375
0.590 29577.400
0.595 29505.750
0.600 29434.100
0.605 29362.725
0.610 29291.350
0.615 29220.275
0.620 29149.200
0.625 29078.425
0.630 29007.650
0.635 28937.175
0.640 28866.700
0.645 28796.550
0.650 28726.400
0.655 28656.600
0.660 28586.800
0.665 28517.300
0.670 28447.800
0.675 28378.675
0.680 28309.550
0.685 28240.725
0.690 28171.900
0.695 28103.450
0.700 28035.000
0.705 27966.900
0.710 27898.800
0.715 27831.050
0.720 27763.300
0.725 27695.900
0.730 27628.500
0.735 27561.475
0.740 27494.450
0.745 27427.800
0.750 27361.150
0.755 27294.850
0.760 27228.550
0.765 27162.625
0.770 27096.700
0.775 27031.150
0.780 26965.600
0.785 26900.400
0.790 26835.200
0.795 26770.400
0.800 26705.600
0.805 26641.175
0.810 26576.750
0.815 26512.700
0.820 26448.650
0.825 26384.975
0.830 26321.300
0.835 26258.025
0.840 26194.750
0.845 26131.825
0.850 26068.900
0.855 26006.375
0.860 25943.850
0.865 25881.700
0.870 25819.550
0.875 25757.775
0.880 25696.000
0.885 25634.600
0.890 25573.200
0.895 25512.200
0.900 25451.200
0.905 25390.575
0.910 25329.950
0.915 25269.700
0.920 25209.450
0.925 25149.575
0.930 25089.700
0.935 25030.200
0.940 24970.700
0.945 24911.575
0.950 24852.450
0.955 24793.725
0.960 24735.000
0.965 24676.625
0.970 24618.250
0.975 24560.275
0.980 24502.300
0.985 24444.675
0.990 24387.050
0.995 24329.800
1.000 24272.550
1.005 24215.675
1.010 24158.800
1.015 24102.300
1.020 24045.800
1.025 23989.675
1.030 23933.550
1.035 23877.775
1.040 23822.000
1.045 23766.575
1.050 23711.150
1.055 23656.125
1.060 23601.100
1.065 23546.400
1.070 23491.700
1.075 23437.375
1.080 23383.050
1.085 23329.075
1.090 23275.100
1.095 23221.500
1.100 23167.900
1.105 23114.650
1.110 23061.400
1.115 23008.500
1.120 22955.600
1.125 22903.050
1.130 22850.500
1.135 22798.275
1.140 22746.050
1.145 22694.200
1.150 22642.350
1.155 22590.825
1.160 22539.300
1.165 22488.125
1.170 22436.950
1.175 22386.125
1.180 22335.300
1.185 22284.800
1.190 22234.300
1.195 22184.150
1.200 22134.000
1.205 22084.175
1.210 22034.350
1.215 21984.850
1.220 21935.350
1.225 21886.200
1.230 21837.050
1.235 21788.200
1.240 21739.350
1.245 21690.850
1.250 21642.350
1.255 21594.175
1.260 21546.000
1.265 21498.125
1.270 21450.250
1.275 21402.700
1.280 21355.150
1.285 21307.925
1.290 21260.700
1.295 21213.775
1.300 21166.850
1.305 21120.250
1.310 21073.650
1.315 21027.375
1.320 20981.100
1.325 20935.100
1.330 20889.100
1.335 20843.425
1.340 20797.750
1.345 20752.375
1.350 20707.000
1.355 20661.925
1.360 20616.850
1.365 20572.100
1.370 20527.350
1.375 20482.875
1.380 20438.400
1.385 20394.225
1.390 20350.050
1.395 20306.150
1.400 20262.250
1.405 20218.650
1.410 20175.050
1.415 20131.750
1.420 20088.450
1.425 20045.425
1.430 20002.400
1.435 19959.675
1.440 19916.950
1.445 19874.475
1.450 19832.000
1.455 19789.825
1.460 19747.650
1.465 19705.775
1.470 19663.900
1.475 19622.275
1.480 19580.650
1.485 19539.300
1.490 19497.950
1.495 19456.875
1.500 19415.800
1.505 19375.000
1.510 19334.200
1.515 19293.675
1.520 19253.150
1.525 19212.875
1.530 19172.600
1.535 19132.575
1.540 19092.550
1.545 19052.825
1.550 19013.100
1.555 18973.600
1.560 18934.100
1.565 18894.875
1.570 18855.650
1.575 18816.675
1.580 18777.700
1.585 18738.975
1.590 18700.250
1.595 18661.800
1.600 18623.350
1.605 18585.125
1.610 18546.900
1.615 18508.925
1.620 18470.950
1.625 18433.225
1.630 18395.500
1.635 18358.025
1.640 18320.550
1.645 18283.325
1.650 18246.100
1.655 18209.100
1.660 18172.100
1.665 18135.325
1.670 18098.550
1.675 18062.025
1.680 18025.500
1.685 17989.225
1.690 17952.950
1.695 17916.875
1.700 17880.800
1.705 17844.975
1.710 17809.150
1.715 17773.550
1.720 17737.950
1.725 17702.600
1.730 17667.250
1.735 17632.100
1.740 17596.950
1.745 17562.025
1.750 17527.100
1.755 17492.400
1.760 17457.700
1.765 17423.225
1.770 17388.750
1.775 17354.500
1.780 17320.250
1.785 17286.200
1.790 17252.150
1.795 17218.325
1.800 17184.500
1.805 17150.875
1.810 17117.250
1.815 17083.850
1.820 17050.450
1.825 17017.250
1.830 16984.050
1.835 16951.075
1.840 16918.100
1.845 16885.325
1.850 16852.550
1.855 16819.975
1.860 16787.400
1.865 16755.025
1.870 16722.650
1.875 16690.475
1.880 16658.300
1.885 16626.325
1.890 16594.350
1.895 16562.575
1.900 16530.800
1.905 16499.225
1.910 16467.650
1.915 16436.275
1.920 16404.900
1.925 16373.725
1.930 16342.550
1.935 16311.550
1.940 16280.550
1.945 16249.750
1.950 16218.950
1.955 16188.350
1.960 16157.750
1.965 16127.325
1.970 16096.900
1.975 16066.675
1.980 16036.450
1.985 16006.400
1.990 15976.350
1.995 15946.475
2.000 15916.600
2.005 15886.900
2.010 15857.200
2.015 15827.700
2.020 15798.200
2.025 15768.875
2.030 15739.550
2.035 15710.400
2.040 15681.250
2.045 15652.275
2.050 15623.300
2.055 15594.500
2.060 15565.700
2.065 15537.075
2.070 15508.450
2.075 15480.000
2.080 15451.550
2.085 15423.275
2.090 15395.000
2.095 15366.900
2.100 15338.800
2.105 15310.850
2.110 15282.900
2.115 15255.125
2.120 15227.350
2.125 15199.750
2.130 15172.150
2.135 15144.700
2.140 15117.250
2.145 15089.975
2.150 15062.700
2.155 15035.575
2.160 15008.450
2.165 14981.475
2.170 14954.500
2.175 14927.700
2.180 14900.900
2.185 14874.275
2.190 14847.650
2.195 14821.150
2.200 14794.650
2.205 14768.325
2.210 14742.000
2.215 14715.825
2.220 14689.650
2.225 14663.650
2.230 14637.650
2.235 14611.775
2.240 14585.900
2.245 14560.175
2.250 14534.450
2.255 14508.875
2.260 14483.300
2.265 14457.900
2.270 14432.500
2.275 14407.225
2.280 14381.950
2.285 14356.825
2.290 14331.700
2.295 14306.725
2.300 14281.750
2.305 14256.900
2.310 14232.050
2.315 14207.375
2.320 14182.700
2.325 14158.150
2.330 14133.600
2.335 14109.175
2.340 14084.750
2.345 14060.500
2.350 14036.250
2.355 14012.125
2.360 13988.000
2.365 13964.000
2.370 13940.000
2.375 13916.150
2.380 13892.300
2.385 13868.575
2.390 13844.850
2.395 13821.250
2.400 13797.650
2.405 13774.200
2.410 13750.750
2.415 13727.450
2.420 13704.150
2.425 13680.950
2.430 13657.750
2.435 13634.700
2.440 13611.650
2.445 13588.725
2.450 13565.800
2.455 13543.000
2.460 13520.200
2.465 13497.550
2.470 13474.900
2.475 13452.350
2.480 13429.800
2.485 13407.375
2.490 13384.950
2.495 13362.650
2.500 13340.350
2.505 13318.200
2.510 13296.050
2.515 13274.000
2.520 13251.950
2.525 13230.025
2.530 13208.100
2.535 13186.300
2.540 13164.500
2.545 13142.825
2.550 13121.150
2.555 13099.600
2.560 13078.050
2.565 13056.600
2.570 13035.150
2.575 13013.825
2.580 12992.500
2.585 12971.300
2.590 12950.100
2.595 12929.000
2.600 12907.900
2.605 12886.925
2.610 12865.950
2.615 12845.100
2.620 12824.250
2.625 12803.500
2.630 12782.750
2.635 12762.125
2.640 12741.500
2.645 12720.975
2.650 12700.450
2.655 12680.025
2.660 12659.600
2.665 12639.300
2.670 12619.000
2.675 12598.825
2.680 12578.650
2.685 12558.550
2.690 12538.450
2.695 12518.475
2.700 12498.500
2.705 12478.650
2.710 12458.800
2.715 12439.025
2.720 12419.250
2.725 12399.600
2.730 12379.950
2.735 12360.400
2.740 12340.850
2.745 12321.400
2.750 12301.950
2.755 12282.625
2.760 12263.300
2.765 12244.050
2.770 12224.800
2.775 12205.650
2.780 12186.500
2.785 12167.475
2.790 12148.450
2.795 12129.525
2.800 12110.600
2.805 12091.750
2.810 12072.900
2.815 12054.175
2.820 12035.450
2.825 12016.800
2.830 11998.150
2.835 11979.600
2.840 11961.050
2.845 11942.625
2.850 11924.200
2.855 11905.850
2.860 11887.500
2.865 11869.250
2.870 11851.000
2.875 11832.825
2.880 11814.650
2.885 11796.600
2.890 11778.550
2.895 11760.575
2.900 11742.600
2.905 11724.725
2.910 11706.850
2.915 11689.075
2.920 11671.300
2.925 11653.600
2.930 11635.900
2.935 11618.300
2.940 11600.700
2.945 11583.200
2.950 11565.700
2.955 11548.275
2.960 11530.850
2.965 11513.500
2.970 11496.150
2.975 11478.925
2.980 11461.700
2.985 11444.550
2.990 11427.400
2.995 11410.325
3.000 11393.250
3.005 11376.275
3.010 11359.300
3.015 11342.400
3.020 11325.500
3.025 11308.700
3.030 11291.900
3.035 11275.175
3.040 11258.450
3.045 11241.800
3.050 11225.150
3.055 11208.600
3.060 11192.050
3.065 11175.575
3.070 11159.100
3.075 11142.700
3.080 11126.300
3.085 11110.000
3.090 11093.700
3.095 11077.475
3.100 11061.250
3.105 11045.100
3.110 11028.950
3.115 11012.900
3.120 10996.850
3.125 10980.850
3.130 10964.850
3.135 10948.950
3.140 10933.050
3.145 10917.225
3.150 10901.400
3.155 10885.650
3.160 10869.900
3.165 10854.225
3.170 10838.550
3.175 10822.950
3.180 10807.350
3.185 10791.850
3.190 10776.350
3.195 10760.900
3.200 10745.450
3.205 10730.100
3.210 10714.750
3.215 10699.450
3.220 10684.150
3.225 10668.925
3.230 10653.700
3.235 10638.575
3.240 10623.450
3.245 10608.375
3.250 10593.300
3.255 10578.325
3.260 10563.350
3.265 10548.425
3.270 10533.500
3.275 10518.650
3.280 10503.800
3.285 10489.025
3.290 10474.250
3.295 10459.550
3.300 10444.850
3.305 10430.200
3.310 10415.550
3.315 10401.000
3.320 10386.450
3.325 10371.950
3.330 10357.450
3.335 10343.025
3.340 10328.600
3.345 10314.250
3.350 10299.900
3.355 10285.625
3.360 10271.350
3.365 10257.125
3.370 10242.900
3.375 10228.750
3.380 10214.600
3.385 10200.525
3.390 10186.450
3.395 10172.425
3.400 10158.400
3.405 10144.450
3.410 10130.500
3.415 10116.625
3.420 10102.750
3.425 10088.925
3.430 10075.100
3.435 10061.350
3.440 10047.600
3.445 10033.900
3.450 10020.200
3.455 10006.575
3.460 9992.950
3.465 9979.400
3.470 9965.850
3.475 9952.350
3.480 9938.850
3.485 9925.425
3.490 9912.000
3.495 9898.625
3.500 9885.250
3.505 9871.950
3.510 9858.650
3.515 9845.400
3.520 9832.150
3.525 9818.975
3.530 9805.800
3.535 9792.675
3.540 9779.550
3.545 9766.475
3.550 9753.400
3.555 9740.400
3.560 9727.400
3.565 9714.450
3.570 9701.500
3.575 9688.625
3.580 9675.750
3.585 9662.925
3.590 9650.100
3.595 9637.325
3.600 9624.550
3.605 9611.850
3.610 9599.150
3.615 9586.500
3.620 9573.850
3.625 9561.275
3.630 9548.700
3.635 9536.150
3.640 9523.600
3.645 9511.125
3.650 9498.650
3.655 9486.250
3.660 9473.850
3.665 9461.475
3.670 9449.100
3.675 9436.800
3.680 9424.500
3.685 9412.250
3.690 9400.000
3.695 9387.800
3.700 9375.600
3.705 9363.450
3.710 9351.300
3.715 9339.225
3.720 9327.150
3.725 9315.125
3.730 9303.100
3.735 9291.100
3.740 9279.100
3.745 9267.175
3.750 9255.250
3.755 9243.400
3.760 9231.550
3.765 9219.725
3.770 9207.900
3.775 9196.125
3.780 9184.350
3.785 9172.650
3.790 9160.950
3.795 9149.275
3.800 9137.600
3.805 9126.000
3.810 9114.400
3.815 9102.850
3.820 9091.300
3.825 9079.775
3.830 9068.250
3.835 9056.800
3.840 9045.350
3.845 9033.950
3.850 9022.550
3.855 9011.200
3.860 8999.850
3.865 8988.550
3.870 8977.250
3.875 8965.975
3.880 8954.700
3.885 8943.500
3.890 8932.300
3.895 8921.150
3.900 8910.000
3.905 8898.875
3.910 8887.750
3.915 8876.700
3.920 8865.650
3.925 8854.625
3.930 8843.600
3.935 8832.650
3.940 8821.700
3.945 8810.775
3.950 8799.850
3.955 8788.975
3.960 8778.100
3.965 8767.275
3.970 8756.450
3.975 8745.675
3.980 8734.900
3.985 8724.175
3.990 8713.450
3.995 8702.775
4.000 8692.100
4.005 8681.450
4.010 8670.800
4.015 8660.200
4.020 8649.600
4.025 8639.075
4.030 8628.550
4.035 8618.025
4.040 8607.500
4.045 8597.050
4.050 8586.600
4.055 8576.200
4.060 8565.800
4.065 8555.425
4.070 8545.050
4.075 8534.725
4.080 8524.400
4.085 8514.125
4.090 8503.850
4.095 8493.600
4.100 8483.350
4.105 8473.150
4.110 8462.950
4.115 8452.800
4.120 8442.650
4.125 8432.550
4.130 8422.450
4.135 8412.375
4.140 8402.300
4.145 8392.275
4.150 8382.250
4.155 8372.275
4.160 8362.300
4.165 8352.375
4.170 8342.450
4.175 8332.550
4.180 8322.650
4.185 8312.775
4.190 8302.900
4.195 8293.100
4.200 8283.300
4.205 8273.525
4.210 8263.750
4.215 8254.000
4.220 8244.250
4.225 8234.575
4.230 8224.900
4.235 8215.250
4.240 8205.600
4.245 8195.975
4.250 8186.350
4.255 8176.775
4.260 8167.200
4.265 8157.675
4.270 8148.150
4.275 8138.650
4.280 8129.150
4.285 8119.675
4.290 8110.200
4.295 8100.800
4.300 8091.400
4.305 8082.025
4.310 8072.650
4.315 8063.300
4.320 8053.950
4.325 8044.650
4.330 8035.350
4.335 8026.075
4.340 8016.800
4.345 8007.575
4.350 7998.350
4.355 7989.175
4.360 7980.000
4.365 7970.825
4.370 7961.650
4.375 7952.550
4.380 7943.450
4.385 7934.375
4.390 7925.300
4.395 7916.250
4.400 7907.200
4.405 7898.200
4.410 7889.200
4.415 7880.225
4.420 7871.250
4.425 7862.325
4.430 7853.400
4.435 7844.500
4.440 7835.600
4.445 7826.725
4.450 7817.850
4.455 7809.025
4.460 7800.200
4.465 7791.425
4.470 7782.650
4.475 7773.875
4.480 7765.100
4.485 7756.400
4.490 7747.700
4.495 7739.000
4.500 7730.300
4.505 7721.650
4.510 7713.000
4.515 7704.375
4.520 7695.750
4.525 7687.175
4.530 7678.600
4.535 7670.050
4.540 7661.500
4.545 7652.975
4.550 7644.450
4.555 7635.975
4.560 7627.500
4.565 7619.050
4.570 7610.600
4.575 7602.200
4.580 7593.800
4.585 7585.400
4.590 7577.000
4.595 7568.650
4.600 7560.300
4.605 7552.000
4.610 7543.700
4.615 7535.400
4.620 7527.100
4.625 7518.850
4.630 7510.600
4.635 7502.375
4.640 7494.150
4.645 7485.975
4.650 7477.800
4.655 7469.650
4.660 7461.500
4.665 7453.375
4.670 7445.250
4.675 7437.150
4.680 7429.050
4.685 7421.000
4.690 7412.950
4.695 7404.900
4.700 7396.850
4.705 7388.850
4.710 7380.850
4.715 7372.900
4.720 7364.950
4.725 7357.000
4.730 7349.050
4.735 7341.150
4.740 7333.250
4.745 7325.375
4.750 7317.500
4.755 7309.650
4.760 7301.800
4.765 7293.975
4.770 7286.150
4.775 7278.375
4.780 7270.600
4.785 7262.825
4.790 7255.050
4.795 7247.325
4.800 7239.600
4.805 7231.900
4.810 7224.200
4.815 7216.525
4.820 7208.850
4.825 7201.225
4.830 7193.600
4.835 7185.975
4.840 7178.350
4.845 7170.775
4.850 7163.200
4.855 7155.650
4.860 7148.100
4.865 7140.575
4.870 7133.050
4.875 7125.550
4.880 7118.050
4.885 7110.575
4.890 7103.100
4.895 7095.650
4.900 7088.200
4.905 7080.800
4.910 7073.400
4.915 7066.000
4.920 7058.600
4.925 7051.250
4.930 7043.900
4.935 7036.575
4.940 7029.250
4.945 7021.950
4.950 7014.650
4.955 7007.375
4.960 7000.100
4.965 6992.850
4.970 6985.600
4.975 6978.375
4.980 6971.150
4.985 6963.950
4.990 6956.750
4.995 6949.575
5.000 6942.400
5.005 6935.250
5.010 6928.100
5.015 6921.000
5.020 6913.900
5.025 6906.800
5.030 6899.700
5.035 6892.650
5.040 6885.600
5.045 6878.550
5.050 6871.500
5.055 6864.500
5.060 6857.500
5.065 6850.500
5.070 6843.500
5.075 6836.550
5.080 6829.600
5.085 6822.650
5.090 6815.700
5.095 6808.800
5.100 6801.900
5.105 6795.000
5.110 6788.100
5.115 6781.250
5.120 6774.400
5.125 6767.575
5.130 6760.750
5.135 6753.925
5.140 6747.100
5.145 6740.325
5.150 6733.550
5.155 6726.775
5.160 6720.000
5.165 6713.275
5.170 6706.550
5.175 6699.825
5.180 6693.100
5.185 6686.425
5.190 6679.750
5.195 6673.075
5.200 6666.400
5.205 6659.775
5.210 6653.150
5.215 6646.525
5.220 6639.900
5.225 6633.300
5.230 6626.700
5.235 6620.125
5.240 6613.550
5.245 6607.000
5.250 6600.450
5.255 6593.950
5.260 6587.450
5.265 6580.950
5.270 6574.450
5.275 6567.975
5.280 6561.500
5.285 6555.025
5.290 6548.550
5.295 6542.125
5.300 6535.700
5.305 6529.300
5.310 6522.900
5.315 6516.500
5.320 6510.100
5.325 6503.750
5.330 6497.400
5.335 6491.050
5.340 6484.700
5.345 6478.400
5.350 6472.100
5.355 6465.800
5.360 6459.500
5.365 6453.225
5.370 6446.950
5.375 6440.700
5.380 6434.450
5.385 6428.225
5.390 6422.000
5.395 6415.775
5.400 6409.550
5.405 6403.375
5.410 6397.200
5.415 6391.025
5.420 6384.850
5.425 6378.700
5.430 6372.550
5.435 6366.425
5.440 6360.300
5.445 6354.200
5.450 6348.100
5.455 6342.025
5.460 6335.950
5.465 6329.900
5.470 6323.850
5.475 6317.800
5.480 6311.750
5.485 6305.750
5.490 6299.750
5.495 6293.750
5.500 6287.750
5.505 6281.775
5.510 6275.800
5.515 6269.850
5.520 6263.900
5.525 6257.950
5.530 6252.000
5.535 6246.100
5.540 6240.200
5.545 6234.300
5.550 6228.400
5.555 6222.525
5.560 6216.650
5.565 6210.800
5.570 6204.950
5.575 6199.100
5.580 6193.250
5.585 6187.450
5.590 6181.650
5.595 6175.850
5.600 6170.050
5.605 6164.275
5.610 6158.500
5.615 6152.750
5.620 6147.000
5.625 6141.275
5.630 6135.550
5.635 6129.825
5.640 6124.100
5.645 6118.400
5.650 6112.700
5.655 6107.025
5.660 6101.350
5.665 6095.700
5.670 6090.050
5.675 6084.400
5.680 6078.750
5.685 6073.125
5.690 6067.500
5.695 6061.900
5.700 6056.300
5.705 6050.725
5.710 6045.150
5.715 6039.575
5.720 6034.000
5.725 6028.475
5.730 6022.950
5.735 6017.400
5.740 6011.850
5.745 6006.350
5.750 6000.850
5.755 5995.350
5.760 5989.850
5.765 5984.400
5.770 5978.950
5.775 5973.475
5.780 5968.000
5.785 5962.575
5.790 5957.150
5.795 5951.725
5.800 5946.300
5.805 5940.900
5.810 5935.500
5.815 5930.125
5.820 5924.750
5.825 5919.400
5.830 5914.050
5.835 5908.700
5.840 5903.350
5.845 5898.000
5.850 5892.650
5.855 5887.350
5.860 5882.050
5.865 5876.750
5.870 5871.450
5.875 5866.175
5.880 5860.900
5.885 5855.650
5.890 5850.400
5.895 5845.150
5.900 5839.900
5.905 5834.675
5.910 5829.450
5.915 5824.250
5.920 5819.050
5.925 5813.850
5.930 5808.650
5.935 5803.475
5.940 5798.300
5.945 5793.150
5.950 5788.000
5.955 5782.850
5.960 5777.700
5.965 5772.575
5.970 5767.450
5.975 5762.350
5.980 5757.250
5.985 5752.150
5.990 5747.050
5.995 5741.975
6.000 5736.900
6.005 5731.850
6.010 5726.800
6.015 5721.750
6.020 5716.700
6.025 5711.675
6.030 5706.650
6.035 5701.650
6.040 5696.650
6.045 5691.650
6.050 5686.650
6.055 5681.675
6.060 5676.700
6.065 5671.750
6.070 5666.800
6.075 5661.850
6.080 5656.900
6.085 5651.975
6.090 5647.050
6.095 5642.125
6.100 5637.200
6.105 5632.300
6.110 5627.400
6.115 5622.525
6.120 5617.650
6.125 5612.775
6.130 5607.900
6.135 5603.050
6.140 5598.200
6.145 5593.350
6.150 5588.500
6.155 5583.700
6.160 5578.900
6.165 5574.075
6.170 5569.250
6.175 5564.475
6.180 5559.700
6.185 5554.925
6.190 5550.150
6.195 5545.375
6.200 5540.600
6.205 5535.850
6.210 5531.100
6.215 5526.375
6.220 5521.650
6.225 5516.925
6.230 5512.200
6.235 5507.500
6.240 5502.800
6.245 5498.125
6.250 5493.450
6.255 5488.775
6.260 5484.100
6.265 5479.450
6.270 5474.800
6.275 5470.150
6.280 5465.500
6.285 5460.875
6.290 5456.250
6.295 5451.625
6.300 5447.000
6.305 5442.400
6.310 5437.800
6.315 5433.225
6.320 5428.650
6.325 5424.075
6.330 5419.500
6.335 5414.925
6.340 5410.350
6.345 5405.825
6.350 5401.300
6.355 5396.775
6.360 5392.250
6.365 5387.725
6.370 5383.200
6.375 5378.700
6.380 5374.200
6.385 5369.700
6.390 5365.200
6.395 5360.725
6.400 5356.250
6.405 5351.800
6.410 5347.350
6.415 5342.900
6.420 5338.450
6.425 5334.025
6.430 5329.600
6.435 5325.175
6.440 5320.750
6.445 5316.350
6.450 5311.950
6.455 5307.550
6.460 5303.150
6.465 5298.775
6.470 5294.400
6.475 5290.025
6.480 5285.650
6.485 5281.300
6.490 5276.950
6.495 5272.600
6.500 5268.250
6.505 5263.925
6.510 5259.600
6.515 5255.300
6.520 5251.000
6.525 5246.675
6.530 5242.350
6.535 5238.075
6.540 5233.800
6.545 5229.525
6.550 5225.250
6.555 5220.975
6.560 5216.700
6.565 5212.450
6.570 5208.200
6.575 5203.975
6.580 5199.750
6.585 5195.525
6.590 5191.300
6.595 5187.100
6.600 5182.900
6.605 5178.700
6.610 5174.500
6.615 5170.300
6.620 5166.100
6.625 5161.925
6.630 5157.750
6.635 5153.600
6.640 5149.450
6.645 5145.300
6.650 5141.150
6.655 5137.000
6.660 5132.850
6.665 5128.725
6.670 5124.600
6.675 5120.500
6.680 5116.400
6.685 5112.300
6.690 5108.200
6.695 5104.100
6.700 5100.000
6.705 5095.925
6.710 5091.850
6.715 5087.800
6.720 5083.750
6.725 5079.675
6.730 5075.600
6.735 5071.575
6.740 5067.550
6.745 5063.525
6.750 5059.500
6.755 5055.475
6.760 5051.450
6.765 5047.450
6.770 5043.450
6.775 5039.450
6.780 5035.450
6.785 5031.475
6.790 5027.500
6.795 5023.525
6.800 5019.550
6.805 5015.600
6.810 5011.650
6.815 5007.700
6.820 5003.750
6.825 4999.807
6.830 4995.865
6.835 4991.940
6.840 4988.015
6.845 4984.102
6.850 4980.190
6.855 4976.288
6.860 4972.385
6.865 4968.495
6.870 4964.605
6.875 4960.727
6.880 4956.850
6.885 4952.980
6.890 4949.110
6.895 4945.255
6.900 4941.400
6.905 4937.555
6.910 4933.710
6.915 4929.875
6.920 4926.040
6.925 4922.215
6.930 4918.390
6.935 4914.577
6.940 4910.765
6.945 4906.962
6.950 4903.160
6.955 4899.370
6.960 4895.580
6.965 4891.800
6.970 4888.020
6.975 4884.250
6.980 4880.480
6.985 4876.722
6.990 4872.965
6.995 4869.215
7.000 4865.465
7.005 4861.727
7.010 4857.990
7.015 4854.265
7.020 4850.540
7.025 4846.823
7.030 4843.105
7.035 4839.400
7.040 4835.695
7.045 4832.000
7.050 4828.305
7.055 4824.620
7.060 4820.935
7.065 4817.260
7.070 4813.585
7.075 4809.923
7.080 4806.260
7.085 4802.605
7.090 4798.950
7.095 4795.307
7.100 4791.665
7.105 4788.030
7.110 4784.395
7.115 4780.773
7.120 4777.150
7.125 4773.538
7.130 4769.925
7.135 4766.323
7.140 4762.720
7.145 4759.128
7.150 4755.535
7.155 4751.952
7.160 4748.370
7.165 4744.798
7.170 4741.225
7.175 4737.663
7.180 4734.100
7.185 4730.545
7.190 4726.990
7.195 4723.448
7.200 4719.905
7.205 4716.372
7.210 4712.840
7.215 4709.315
7.220 4705.790
7.225 4702.278
7.230 4698.765
7.235 4695.260
7.240 4691.755
7.245 4688.260
7.250 4684.765
7.255 4681.283
7.260 4677.800
7.265 4674.323
7.270 4670.845
7.275 4667.380
7.280 4663.915
7.285 4660.460
7.290 4657.005
7.295 4653.557
7.300 4650.110
7.305 4646.672
7.310 4643.235
7.315 4639.807
7.320 4636.380
7.325 4632.962
7.330 4629.545
7.335 4626.135
7.340 4622.725
7.345 4619.325
7.350 4615.925
7.355 4612.535
7.360 4609.145
7.365 4605.762
7.370 4602.380
7.375 4599.007
7.380 4595.635
7.385 4592.273
7.390 4588.910
7.395 4585.555
7.400 4582.200
7.405 4578.855
7.410 4575.510
7.415 4572.175
7.420 4568.840
7.425 4565.513
7.430 4562.185
7.435 4558.868
7.440 4555.550
7.445 4552.243
7.450 4548.935
7.455 4545.635
7.460 4542.335
7.465 4539.042
7.470 4535.750
7.475 4532.468
7.480 4529.185
7.485 4525.913
7.490 4522.640
7.495 4519.375
7.500 4516.110
7.505 4512.852
7.510 4509.595
7.515 4506.350
7.520 4503.105
7.525 4499.865
7.530 4496.625
7.535 4493.395
7.540 4490.165
7.545 4486.943
7.550 4483.720
7.555 4480.507
7.560 4477.295
7.565 4474.090
7.570 4470.885
7.575 4467.690
7.580 4464.495
7.585 4461.307
7.590 4458.120
7.595 4454.940
7.600 4451.760
7.605 4448.590
7.610 4445.420
7.615 4442.257
7.620 4439.095
7.625 4435.943
7.630 4432.790
7.635 4429.642
7.640 4426.495
7.645 4423.358
7.650 4420.220
7.655 4417.092
7.660 4413.965
7.665 4410.842
7.670 4407.720
7.675 4404.608
7.680 4401.495
7.685 4398.390
7.690 4395.285
7.695 4392.190
7.700 4389.095
7.705 4386.005
7.710 4382.915
7.715 4379.835
7.720 4376.755
7.725 4373.682
7.730 4370.610
7.735 4367.545
7.740 4364.480
7.745 4361.425
7.750 4358.370
7.755 4355.320
7.760 4352.270
7.765 4349.230
7.770 4346.190
7.775 4343.158
7.780 4340.125
7.785 4337.100
7.790 4334.075
7.795 4331.057
7.800 4328.040
7.805 4325.032
7.810 4322.025
7.815 4319.023
7.820 4316.020
7.825 4313.028
7.830 4310.035
7.835 4307.047
7.840 4304.060
7.845 4301.082
7.850 4298.105
7.855 4295.135
7.860 4292.165
7.865 4289.200
7.870 4286.235
7.875 4283.280
7.880 4280.325
7.885 4277.378
7.890 4274.430
7.895 4271.488
7.900 4268.545
7.905 4265.613
7.910 4262.680
7.915 4259.755
7.920 4256.830
7.925 4253.913
7.930 4250.995
7.935 4248.085
7.940 4245.175
7.945 4242.270
7.950 4239.365
7.955 4236.470
7.960 4233.575
7.965 4230.685
7.970 4227.795
7.975 4224.915
7.980 4222.035
7.985 4219.160
7.990 4216.285
7.995 4213.417
8.000 4210.550
8.005 4207.693
8.010 4204.835
8.015 4201.983
8.020 4199.130
8.025 4196.285
8.030 4193.440
8.035 4190.600
8.040 4187.760
8.045 4184.930
8.050 4182.100
8.055 4179.275
8.060 4176.450
8.065 4173.635
8.070 4170.820
8.075 4168.010
8.080 4165.200
8.085 4162.398
8.090 4159.595
8.095 4156.798
8.100 4154.000
8.105 4151.212
8.110 4148.425
8.115 4145.642
8.120 4142.860
8.125 4140.085
8.130 4137.310
8.135 4134.542
8.140 4131.775
8.145 4129.012
8.150 4126.250
8.155 4123.497
8.160 4120.745
8.165 4117.997
8.170 4115.250
8.175 4112.507
8.180 4109.765
8.185 4107.033
8.190 4104.300
8.195 4101.573
8.200 4098.845
8.205 4096.123
8.210 4093.400
8.215 4090.688
8.220 4087.975
8.225 4085.267
8.230 4082.560
8.235 4079.860
8.240 4077.160
8.245 4074.465
8.250 4071.770
8.255 4069.082
8.260 4066.395
8.265 4063.715
8.270 4061.035
8.275 4058.360
8.280 4055.685
8.285 4053.017
8.290 4050.350
8.295 4047.690
8.300 4045.030
8.305 4042.375
8.310 4039.720
8.315 4037.070
8.320 4034.420
8.325 4031.780
8.330 4029.140
8.335 4026.502
8.340 4023.865
8.345 4021.238
8.350 4018.610
8.355 4015.988
8.360 4013.365
8.365 4010.747
8.370 4008.130
8.375 4005.520
8.380 4002.910
8.385 4000.307
8.390 3997.705
8.395 3995.108
8.400 3992.510
8.405 3989.918
8.410 3987.325
8.415 3984.740
8.420 3982.155
8.425 3979.578
8.430 3977.000
8.435 3974.425
8.440 3971.850
8.445 3969.285
8.450 3966.720
8.455 3964.160
8.460 3961.600
8.465 3959.045
8.470 3956.490
8.475 3953.943
8.480 3951.395
8.485 3948.852
8.490 3946.310
8.495 3943.773
8.500 3941.235
8.505 3938.705
8.510 3936.175
8.515 3933.653
8.520 3931.130
8.525 3928.613
8.530 3926.095
8.535 3923.582
8.540 3921.070
8.545 3918.562
8.550 3916.055
8.555 3913.555
8.560 3911.055
8.565 3908.562
8.570 3906.070
8.575 3903.580
8.580 3901.090
8.585 3898.608
8.590 3896.125
8.595 3893.650
8.600 3891.175
8.605 3888.702
8.610 3886.230
8.615 3883.765
8.620 3881.300
8.625 3878.840
8.630 3876.380
8.635 3873.928
8.640 3871.475
8.645 3869.028
8.650 3866.580
8.655 3864.137
8.660 3861.695
8.665 3859.260
8.670 3856.825
8.675 3854.392
8.680 3851.960
8.685 3849.535
8.690 3847.110
8.695 3844.690
8.700 3842.270
8.705 3839.858
8.710 3837.445
8.715 3835.038
8.720 3832.630
8.725 3830.227
8.730 3827.825
8.735 3825.427
8.740 3823.030
8.745 3820.638
8.750 3818.245
8.755 3815.860
8.760 3813.475
8.765 3811.095
8.770 3808.715
8.775 3806.340
8.780 3803.965
8.785 3801.595
8.790 3799.225
8.795 3796.860
8.800 3794.495
8.805 3792.137
8.810 3789.780
8.815 3787.427
8.820 3785.075
8.825 3782.725
8.830 3780.375
8.835 3778.033
8.840 3775.690
8.845 3773.355
8.850 3771.020
8.855 3768.688
8.860 3766.355
8.865 3764.028
8.870 3761.700
8.875 3759.380
8.880 3757.060
8.885 3754.742
8.890 3752.425
8.895 3750.115
8.900 3747.805
8.905 3745.500
8.910 3743.195
8.915 3740.895
8.920 3738.595
8.925 3736.300
8.930 3734.005
8.935 3731.715
8.940 3729.425
8.945 3727.140
8.950 3724.855
8.955 3722.577
8.960 3720.300
8.965 3718.025
8.970 3715.750
8.975 3713.480
8.980 3711.210
8.985 3708.948
8.990 3706.685
8.995 3704.425
9.000 3702.165
9.005 3699.912
9.010 3697.660
9.015 3695.410
9.020 3693.160
9.025 3690.918
9.030 3688.675
9.035 3686.435
9.040 3684.195
9.045 3681.962
9.050 3679.730
9.055 3677.500
9.060 3675.270
9.065 3673.047
9.070 3670.825
9.075 3668.605
9.080 3666.385
9.085 3664.172
9.090 3661.960
9.095 3659.750
9.100 3657.540
9.105 3655.335
9.110 3653.130
9.115 3650.932
9.120 3648.735
9.125 3646.540
9.130 3644.345
9.135 3642.155
9.140 3639.965
9.145 3637.780
9.150 3635.595
9.155 3633.415
9.160 3631.235
9.165 3629.060
9.170 3626.885
9.175 3624.715
9.180 3622.545
9.185 3620.380
9.190 3618.215
9.195 3616.055
9.200 3613.895
9.205 3611.740
9.210 3609.585
9.215 3607.432
9.220 3605.280
9.225 3603.135
9.230 3600.990
9.235 3598.847
9.240 3596.705
9.245 3594.568
9.250 3592.430
9.255 3590.297
9.260 3588.165
9.265 3586.037
9.270 3583.910
9.275 3581.787
9.280 3579.665
9.285 3577.545
9.290 3575.425
9.295 3573.312
9.300 3571.200
9.305 3569.090
9.310 3566.980
9.315 3564.875
9.320 3562.770
9.325 3560.670
9.330 3558.570
9.335 3556.475
9.340 3554.380
9.345 3552.287
9.350 3550.195
9.355 3548.108
9.360 3546.020
9.365 3543.940
9.370 3541.860
9.375 3539.780
9.380 3537.700
9.385 3535.627
9.390 3533.555
9.395 3531.488
9.400 3529.420
9.405 3527.355
9.410 3525.290
9.415 3523.230
9.420 3521.170
9.425 3519.115
9.430 3517.060
9.435 3515.008
9.440 3512.955
9.445 3510.910
9.450 3508.865
9.455 3506.823
9.460 3504.780
9.465 3502.743
9.470 3500.705
9.475 3498.670
9.480 3496.635
9.485 3494.605
9.490 3492.575
9.495 3490.550
9.500 3488.525
9.505 3486.505
9.510 3484.485
9.515 3482.470
9.520 3480.455
9.525 3478.443
9.530 3476.430
9.535 3474.420
9.540 3472.410
9.545 3470.408
9.550 3468.405
9.555 3466.405
9.560 3464.405
9.565 3462.410
9.570 3460.415
9.575 3458.425
9.580 3456.435
9.585 3454.448
9.590 3452.460
9.595 3450.477
9.600 3448.495
9.605 3446.515
9.610 3444.535
9.615 3442.562
9.620 3440.590
9.625 3438.620
9.630 3436.650
9.635 3434.682
9.640 3432.715
9.645 3430.752
9.650 3428.790
9.655 3426.832
9.660 3424.875
9.665 3422.922
9.670 3420.970
9.675 3419.020
9.680 3417.070
9.685 3415.123
9.690 3413.175
9.695 3411.235
9.700 3409.295
9.705 3407.358
9.710 3405.420
9.715 3403.485
9.720 3401.550
9.725 3399.620
9.730 3397.690
9.735 3395.765
9.740 3393.840
9.745 3391.917
9.750 3389.995
9.755 3388.078
9.760 3386.160
9.765 3384.248
9.770 3382.335
9.775 3380.425
9.780 3378.515
9.785 3376.610
9.790 3374.705
9.795 3372.802
9.800 3370.900
9.805 3369.003
9.810 3367.105
9.815 3365.210
9.820 3363.315
9.825 3361.425
9.830 3359.535
9.835 3357.648
9.840 3355.760
9.845 3353.877
9.850 3351.995
9.855 3350.118
9.860 3348.240
9.865 3346.365
9.870 3344.490
9.875 3342.618
9.880 3340.745
9.885 3338.878
9.890 3337.010
9.895 3335.148
9.900 3333.285
9.905 3331.425
9.910 3329.565
9.915 3327.710
9.920 3325.855
9.925 3324.003
9.930 3322.150
9.935 3320.300
9.940 3318.450
9.945 3316.605
9.950 3314.760
9.955 3312.920
9.960 3311.080
9.965 3309.243
9.970 3307.405
9.975 3305.570
9.980 3303.735
9.985 3301.905
9.990 3300.075
9.995 3298.250
10.000 3296.425
10.005 3294.602
10.010 3292.780
10.015 3290.960
10.020 3289.140
10.025 3287.325
10.030 3285.510
10.035 3283.700
10.040 3281.890
10.045 3280.080
10.050 3278.270
10.055 3276.467
10.060 3274.665
10.065 3272.863
10.070 3271.060
10.075 3269.263
10.080 3267.465
10.085 3265.673
10.090 3263.880
10.095 3262.090
10.100 3260.300
10.105 3258.512
10.110 3256.725
10.115 3254.943
10.120 3253.160
10.125 3251.380
10.130 3249.600
10.135 3247.825
10.140 3246.050
10.145 3244.278
10.150 3242.505
10.155 3240.735
10.160 3238.965
10.165 3237.200
10.170 3235.435
10.175 3233.673
10.180 3231.910
10.185 3230.150
10.190 3228.390
10.195 3226.635
10.200 3224.880
10.205 3223.130
10.210 3221.380
10.215 3219.630
10.220 3217.880
10.225 3216.135
10.230 3214.390
10.235 3212.650
10.240 3210.910
10.245 3209.173
10.250 3207.435
10.255 3205.700
10.260 3203.965
10.265 3202.233
10.270 3200.500
10.275 3198.773
10.280 3197.045
10.285 3195.320
10.290 3193.595
10.295 3191.875
10.300 3190.155
10.305 3188.438
10.310 3186.720
10.315 3185.005
10.320 3183.290
10.325 3181.577
10.330 3179.865
10.335 3178.158
10.340 3176.450
10.345 3174.745
10.350 3173.040
10.355 3171.340
10.360 3169.640
10.365 3167.940
10.370 3166.240
10.375 3164.547
10.380 3162.855
10.385 3161.162
10.390 3159.470
10.395 3157.783
10.400 3156.095
10.405 3154.410
10.410 3152.725
10.415 3151.043
10.420 3149.360
10.425 3147.680
10.430 3146.000
10.435 3144.325
10.440 3142.650
10.445 3140.977
10.450 3139.305
10.455 3137.637
10.460 3135.970
10.465 3134.302
10.470 3132.635
10.475 3130.972
10.480 3129.310
10.485 3127.653
10.490 3125.995
10.495 3124.337
10.500 3122.680
10.505 3121.028
10.510 3119.375
10.515 3117.725
10.520 3116.075
10.525 3114.427
10.530 3112.780
10.535 3111.135
10.540 3109.490
10.545 3107.850
10.550 3106.210
10.555 3104.573
10.560 3102.935
10.565 3101.300
10.570 3099.665
10.575 3098.035
10.580 3096.405
10.585 3094.775
10.590 3093.145
10.595 3091.520
10.600 3089.895
10.605 3088.273
10.610 3086.650
10.615 3085.030
10.620 3083.410
10.625 3081.795
10.630 3080.180
10.635 3078.568
10.640 3076.955
10.645 3075.342
10.650 3073.730
10.655 3072.125
10.660 3070.520
10.665 3068.915
10.670 3067.310
10.675 3065.707
10.680 3064.105
10.685 3062.507
10.690 3060.910
10.695 3059.315
10.700 3057.720
10.705 3056.128
10.710 3054.535
10.715 3052.945
10.720 3051.355
10.725 3049.770
10.730 3048.185
10.735 3046.600
10.740 3045.015
10.745 3043.435
10.750 3041.855
10.755 3040.278
10.760 3038.700
10.765 3037.125
10.770 3035.550
10.775 3033.977
10.780 3032.405
10.785 3030.837
10.790 3029.270
10.795 3027.702
10.800 3026.135
10.805 3024.572
10.810 3023.010
10.815 3021.450
10.820 3019.890
10.825 3018.332
10.830 3016.775
10.835 3015.220
10.840 3013.665
10.845 3012.113
10.850 3010.560
10.855 3009.012
10.860 3007.465
10.865 3005.918
10.870 3004.370
10.875 3002.828
10.880 3001.285
10.885 2999.743
10.890 2998.200
10.895 2996.663
10.900 2995.125
10.905 2993.590
10.910 2992.055
10.915 2990.523
10.920 2988.990
10.925 2987.462
10.930 2985.935
10.935 2984.408
10.940 2982.880
10.945 2981.358
10.950 2979.835
10.955 2978.312
10.960 2976.790
10.965 2975.273
10.970 2973.755
10.975 2972.238
10.980 2970.720
10.985 2969.208
10.990 2967.695
10.995 2966.185
11.000 2964.675
11.005 2963.167
11.010 2961.660
11.015 2960.155
11.020 2958.650
11.025 2957.148
11.030 2955.645
11.035 2954.145
11.040 2952.645
11.045 2951.150
11.050 2949.655
11.055 2948.160
11.060 2946.665
11.065 2945.175
11.070 2943.685
11.075 2942.195
11.080 2940.705
11.085 2939.220
11.090 2937.735
11.095 2936.250
11.100 2934.765
11.105 2933.285
11.110 2931.805
11.115 2930.325
11.120 2928.845
11.125 2927.370
11.130 2925.895
11.135 2924.422
11.140 2922.950
11.145 2921.480
11.150 2920.010
11.155 2918.543
11.160 2917.075
11.165 2915.610
11.170 2914.145
11.175 2912.682
11.180 2911.220
11.185 2909.760
11.190 2908.300
11.195 2906.840
11.200 2905.380
11.205 2903.925
11.210 2902.470
11.215 2901.020
11.220 2899.570
11.225 2898.120
11.230 2896.670
11.235 2895.222
11.240 2893.775
11.245 2892.330
11.250 2890.885
11.255 2889.443
11.260 2888.000
11.265 2886.560
11.270 2885.120
11.275 2883.682
11.280 2882.245
11.285 2880.810
11.290 2879.375
11.295 2877.943
11.300 2876.510
11.305 2875.080
11.310 2873.650
11.315 2872.222
11.320 2870.795
11.325 2869.370
11.330 2867.945
11.335 2866.523
11.340 2865.100
11.345 2863.680
11.350 2862.260
11.355 2860.842
11.360 2859.425
11.365 2858.010
11.370 2856.595
11.375 2855.182
11.380 2853.770
11.385 2852.360
11.390 2850.950
11.395 2849.543
11.400 2848.135
11.405 2846.730
11.410 2845.325
11.415 2843.922
11.420 2842.520
11.425 2841.120
11.430 2839.720
11.435 2838.320
11.440 2836.920
11.445 2835.525
11.450 2834.130
11.455 2832.738
11.460 2831.345
11.465 2829.952
11.470 2828.560
11.475 2827.173
11.480 2825.785
11.485 2824.398
11.490 2823.010
11.495 2821.627
11.500 2820.245
11.505 2818.863
11.510 2817.480
11.515 2816.100
11.520 2814.720
11.525 2813.345
11.530 2811.970
11.535 2810.595
11.540 2809.220
11.545 2807.847
11.550 2806.475
11.555 2805.105
11.560 2803.735
11.565 2802.368
11.570 2801.000
11.575 2799.635
11.580 2798.270
11.585 2796.908
11.590 2795.545
11.595 2794.182
11.600 2792.820
11.605 2791.463
11.610 2790.105
11.615 2788.748
11.620 2787.390
11.625 2786.038
11.630 2784.685
11.635 2783.332
11.640 2781.980
11.645 2780.630
11.650 2779.280
11.655 2777.935
11.660 2776.590
11.665 2775.245
11.670 2773.900
11.675 2772.557
11.680 2771.215
11.685 2769.872
11.690 2768.530
11.695 2767.193
11.700 2765.855
11.705 2764.520
11.710 2763.185
11.715 2761.850
11.720 2760.515
11.725 2759.185
11.730 2757.855
11.735 2756.525
11.740 2755.195
11.745 2753.868
11.750 2752.540
11.755 2751.215
11.760 2749.890
11.765 2748.568
11.770 2747.245
11.775 2745.925
11.780 2744.605
11.785 2743.285
11.790 2741.965
11.795 2740.650
11.800 2739.335
11.805 2738.020
11.810 2736.705
11.815 2735.395
11.820 2734.085
11.825 2732.775
11.830 2731.465
11.835 2730.158
11.840 2728.850
11.845 2727.543
11.850 2726.235
11.855 2724.932
11.860 2723.630
11.865 2722.330
11.870 2721.030
11.875 2719.730
11.880 2718.430
11.885 2717.133
11.890 2715.835
11.895 2714.540
11.900 2713.245
11.905 2711.952
11.910 2710.660
11.915 2709.370
11.920 2708.080
11.925 2706.790
11.930 2705.500
11.935 2704.215
11.940 2702.930
11.945 2701.645
11.950 2700.360
11.955 2699.077
11.960 2697.795
11.965 2696.515
11.970 2695.235
11.975 2693.955
11.980 2692.675
11.985 2691.400
11.990 2690.125
11.995 2688.850
12.000 2687.575
12.005 2686.305
12.010 2685.035
12.015 2683.765
12.020 2682.495
12.025 2681.225
12.030 2679.955
12.035 2678.690
12.040 2677.425
12.045 2676.160
12.050 2674.895
12.055 2673.635
12.060 2672.375
12.065 2671.115
12.070 2669.855
12.075 2668.595
12.080 2667.335
12.085 2666.080
12.090 2664.825
12.095 2663.573
12.100 2662.320
12.105 2661.068
12.110 2659.815
12.115 2658.565
12.120 2657.315
12.125 2656.068
12.130 2654.820
12.135 2653.573
12.140 2652.325
12.145 2651.083
12.150 2649.840
12.155 2648.597
12.160 2647.355
12.165 2646.115
12.170 2644.875
12.175 2643.635
12.180 2642.395
12.185 2641.160
12.190 2639.925
12.195 2638.690
12.200 2637.455
12.205 2636.222
12.210 2634.990
12.215 2633.760
12.220 2632.530
12.225 2631.303
12.230 2630.075
12.235 2628.847
12.240 2627.620
12.245 2626.395
12.250 2625.170
12.255 2623.947
12.260 2622.725
12.265 2621.505
12.270 2620.285
12.275 2619.065
12.280 2617.845
12.285 2616.630
12.290 2615.415
12.295 2614.200
12.300 2612.985
12.305 2611.770
12.310 2610.555
12.315 2609.345
12.320 2608.135
12.325 2606.925
12.330 2605.715
12.335 2604.507
12.340 2603.300
12.345 2602.095
12.350 2600.890
12.355 2599.685
12.360 2598.480
12.365 2597.278
12.370 2596.075
12.375 2594.875
12.380 2593.675
12.385 2592.477
12.390 2591.280
12.395 2590.085
12.400 2588.890
12.405 2587.695
12.410 2586.500
12.415 2585.308
12.420 2584.115
12.425 2582.923
12.430 2581.730
12.435 2580.543
12.440 2579.355
12.445 2578.168
12.450 2576.980
12.455 2575.793
12.460 2574.605
12.465 2573.423
12.470 2572.240
12.475 2571.057
12.480 2569.875
12.485 2568.695
12.490 2567.515
12.495 2566.337
12.500 2565.160
12.505 2563.983
12.510 2562.805
12.515 2561.633
12.520 2560.460
12.525 2559.285
12.530 2558.110
12.535 2556.940
12.540 2555.770
12.545 2554.600
12.550 2553.430
12.555 2552.262
12.560 2551.095
12.565 2549.930
12.570 2548.765
12.575 2547.600
12.580 2546.435
12.585 2545.273
12.590 2544.110
12.595 2542.950
12.600 2541.790
12.605 2540.632
12.610 2539.475
12.615 2538.318
12.620 2537.160
12.625 2536.005
12.630 2534.850
12.635 2533.695
12.640 2532.540
12.645 2531.387
12.650 2530.235
12.655 2529.085
12.660 2527.935
12.665 2526.788
12.670 2525.640
12.675 2524.493
12.680 2523.345
12.685 2522.200
12.690 2521.055
12.695 2519.912
12.700 2518.770
12.705 2517.628
12.710 2516.485
12.715 2515.345
12.720 2514.205
12.725 2513.068
12.730 2511.930
12.735 2510.792
12.740 2509.655
12.745 2508.520
12.750 2507.385
12.755 2506.252
12.760 2505.120
12.765 2503.990
12.770 2502.860
12.775 2501.730
12.780 2500.600
12.785 2499.470
12.790 2498.340
12.795 2497.215
12.800 2496.090
12.805 2494.965
12.810 2493.840
12.815 2492.717
12.820 2491.595
12.825 2490.472
12.830 2489.350
12.835 2488.230
12.840 2487.110
12.845 2485.992
12.850 2484.875
12.855 2483.757
12.860 2482.640
12.865 2481.525
12.870 2480.410
12.875 2479.298
12.880 2478.185
12.885 2477.073
12.890 2475.960
12.895 2474.850
12.900 2473.740
12.905 2472.633
12.910 2471.525
12.915 2470.418
12.920 2469.310
12.925 2468.205
12.930 2467.100
12.935 2465.995
12.940 2464.890
12.945 2463.788
12.950 2462.685
12.955 2461.585
12.960 2460.485
12.965 2459.387
12.970 2458.290
12.975 2457.193
12.980 2456.095
12.985 2455.000
12.990 2453.905
12.995 2452.810
13.000 2451.715
